team_name,common_name,season,country,matches_played,matches_played_home,matches_played_away,suspended_matches,wins,wins_home,wins_away,draws,draws_home,draws_away,losses,losses_home,losses_away,points_per_game,points_per_game_home,points_per_game_away,league_position,league_position_home,league_position_away,performance_rank,goals_scored,goals_conceded,goal_difference,total_goal_count,total_goal_count_home,total_goal_count_away,goals_scored_home,goals_scored_away
Arsenal FC,Arsenal,2007/2008,England,38,19,19,0,24,14,10,11,5,6,3,0,3,2.18,2.47,1.89,3,2,2,3,74,31,43,105,48,57,37,37
Tottenham Hotspur FC,Tottenham Hotspur,2007/2008,England,38,19,19,0,11,8,3,13,5,8,14,6,8,1.21,1.53,0.89,11,10,11,11,66,61,5,127,80,47,46,20
Manchester City FC,Manchester City,2007/2008,England,38,19,19,0,15,11,4,10,4,6,13,4,9,1.45,1.95,0.95,9,6,10,9,45,53,-8,98,48,50,28,17
Everton FC,Everton,2007/2008,England,38,19,19,0,19,11,8,8,4,4,11,4,7,1.71,1.95,1.47,5,5,5,5,55,33,22,88,51,37,34,21
Middlesbrough FC,Middlesbrough,2007/2008,England,38,19,19,0,10,7,3,12,5,7,16,7,9,1.11,1.37,0.84,13,17,13,13,43,53,-10,96,50,46,27,16
Manchester United FC,Manchester United,2007/2008,England,38,19,19,0,27,17,10,6,1,5,5,1,4,2.29,2.74,1.84,1,1,3,1,80,22,58,102,54,48,47,33
Liverpool FC,Liverpool,2007/2008,England,38,19,19,0,21,12,9,13,6,7,4,1,3,2.0,2.21,1.79,4,4,4,4,67,28,39,95,56,39,43,24
Chelsea FC,Chelsea,2007/2008,England,38,19,19,0,25,12,13,10,7,3,3,0,3,2.24,2.26,2.21,2,3,1,2,65,26,39,91,49,42,36,29
West Ham United FC,West Ham United,2007/2008,England,38,19,19,0,13,7,6,10,7,3,15,5,10,1.29,1.47,1.11,10,14,9,10,42,50,-8,92,48,44,24,18
Sunderland AFC,Sunderland,2007/2008,England,38,19,19,0,11,9,2,6,3,3,21,7,14,1.03,1.58,0.47,15,9,19,15,36,59,-23,95,44,51,23,13
Newcastle United FC,Newcastle United,2007/2008,England,38,19,19,0,11,8,3,10,5,5,17,6,11,1.13,1.53,0.74,12,13,14,12,45,65,-20,110,51,59,25,20
Aston Villa FC,Aston Villa,2007/2008,England,38,19,19,0,16,10,6,12,3,9,10,6,4,1.58,1.74,1.42,6,7,7,6,71,51,20,122,56,66,34,37
Fulham FC,Fulham,2007/2008,England,38,19,19,0,8,5,3,12,5,7,18,9,9,0.95,1.05,0.84,17,19,12,17,38,60,-22,98,53,45,22,16
Birmingham City FC,Birmingham City,2007/2008,England,38,19,19,0,8,6,2,11,8,3,19,5,14,0.92,1.37,0.47,19,15,18,19,46,62,-16,108,53,55,30,16
Derby County FC,Derby County,2007/2008,England,38,19,19,0,1,1,0,8,5,3,29,13,16,0.29,0.42,0.16,20,20,20,20,20,89,-69,109,55,54,12,8
Blackburn Rovers FC,Blackburn Rovers,2007/2008,England,38,19,19,0,15,8,7,13,7,6,10,4,6,1.53,1.63,1.42,7,8,8,7,50,48,2,98,45,53,26,24
Reading FC,Reading,2007/2008,England,38,19,19,0,10,8,2,6,2,4,22,9,13,0.95,1.37,0.53,18,18,17,18,41,66,-25,107,44,63,19,22
Wigan Athletic FC,Wigan Athletic,2007/2008,England,38,19,19,0,10,8,2,10,5,5,18,6,12,1.05,1.53,0.58,14,12,15,14,34,51,-17,85,38,47,21,13
Bolton Wanderers FC,Bolton Wanderers,2007/2008,England,38,19,19,0,9,7,2,10,5,5,19,7,12,0.97,1.37,0.58,16,16,16,16,36,54,-18,90,41,49,23,13
Portsmouth FC,Portsmouth,2007/2008,England,38,19,19,0,16,7,9,9,8,1,13,4,9,1.5,1.53,1.47,8,11,6,8,48,40,8,88,38,50,24,24
Arsenal FC,Arsenal,2008/2009,England,38,19,19,0,20,11,9,12,5,7,6,3,3,1.89,2.0,1.79,4,5,4,4,68,37,31,105,47,58,31,37
Tottenham Hotspur FC,Tottenham Hotspur,2008/2009,England,38,19,19,0,14,10,4,9,5,4,15,4,11,1.34,1.84,0.84,8,7,11,8,45,45,0,90,31,59,21,24
Manchester City FC,Manchester City,2008/2009,England,38,19,19,0,15,13,2,5,0,5,18,6,12,1.32,2.05,0.58,10,3,17,10,58,50,8,108,58,50,40,18
Stoke City FC,Stoke City,2008/2009,England,38,19,19,0,12,10,2,9,5,4,17,4,13,1.18,1.84,0.53,12,8,18,12,38,55,-17,93,37,56,22,16
West Bromwich Albion FC,West Bromwich Albion,2008/2009,England,38,19,19,0,8,7,1,8,3,5,22,9,13,0.84,1.26,0.42,20,17,19,20,36,67,-31,103,59,44,26,10
Everton FC,Everton,2008/2009,England,38,19,19,0,17,8,9,12,6,6,9,5,4,1.66,1.58,1.74,5,9,5,5,55,37,18,92,51,41,31,24
Middlesbrough FC,Middlesbrough,2008/2009,England,38,19,19,0,7,5,2,11,9,2,20,5,15,0.84,1.26,0.42,19,16,20,19,28,57,-29,85,37,48,17,11
Manchester United FC,Manchester United,2008/2009,England,38,19,19,0,28,16,12,6,2,4,4,1,3,2.37,2.63,2.11,1,1,3,1,68,24,44,92,56,36,43,25
Hull City AFC,Hull City,2008/2009,England,38,19,19,0,8,3,5,11,5,6,19,11,8,0.92,0.74,1.11,17,20,8,17,39,64,-25,103,54,49,18,21
Liverpool FC,Liverpool,2008/2009,England,38,19,19,0,25,12,13,11,7,4,2,0,2,2.26,2.26,2.26,2,2,2,2,77,27,50,104,54,50,41,36
Chelsea FC,Chelsea,2008/2009,England,38,19,19,0,25,11,14,8,6,2,5,2,3,2.18,2.05,2.32,3,4,1,3,68,24,44,92,45,47,33,35
West Ham United FC,West Ham United,2008/2009,England,38,19,19,0,14,9,5,9,2,7,15,8,7,1.34,1.53,1.16,9,11,7,9,42,45,-3,87,45,42,23,19
Sunderland AFC,Sunderland,2008/2009,England,38,19,19,0,9,6,3,9,3,6,20,10,10,0.95,1.11,0.79,16,19,14,16,34,54,-20,88,46,42,21,13
Newcastle United FC,Newcastle United,2008/2009,England,38,19,19,0,7,5,2,13,7,6,18,7,11,0.89,1.16,0.63,18,18,16,18,40,59,-19,99,53,46,24,16
Aston Villa FC,Aston Villa,2008/2009,England,38,19,19,0,17,7,10,11,9,2,10,3,7,1.63,1.58,1.68,6,10,6,6,54,48,6,102,48,54,27,27
Fulham FC,Fulham,2008/2009,England,38,19,19,0,14,11,3,11,3,8,13,5,8,1.39,1.89,0.89,7,6,9,7,39,34,5,73,44,29,28,11
Blackburn Rovers FC,Blackburn Rovers,2008/2009,England,38,19,19,0,10,6,4,11,7,4,17,6,11,1.08,1.32,0.84,15,15,12,15,40,60,-20,100,45,55,22,18
Wigan Athletic FC,Wigan Athletic,2008/2009,England,38,19,19,0,12,8,4,9,5,4,17,6,11,1.18,1.53,0.84,11,12,10,11,34,45,-11,79,35,44,17,17
Bolton Wanderers FC,Bolton Wanderers,2008/2009,England,38,19,19,0,11,7,4,8,5,3,19,7,12,1.08,1.37,0.79,13,14,13,13,41,53,-12,94,42,52,21,20
Portsmouth FC,Portsmouth,2008/2009,England,38,19,19,0,10,8,2,11,3,8,17,8,9,1.08,1.42,0.74,14,13,15,14,38,57,-19,95,55,40,26,12
Arsenal FC,Arsenal,2009/2010,England,38,19,19,0,23,15,8,6,2,4,9,2,7,1.97,2.47,1.47,3,3,4,3,83,41,42,124,63,61,48,35
Tottenham Hotspur FC,Tottenham Hotspur,2009/2010,England,38,19,19,0,21,14,7,7,2,5,10,3,7,1.84,2.32,1.37,4,4,6,4,67,41,26,108,52,56,40,27
Manchester City FC,Manchester City,2009/2010,England,38,19,19,0,18,12,6,13,4,9,7,3,4,1.76,2.11,1.42,5,6,5,5,73,45,28,118,61,57,41,32
Stoke City FC,Stoke City,2009/2010,England,38,19,19,0,11,7,4,14,6,8,13,6,7,1.24,1.42,1.05,11,13,9,11,34,48,-14,82,45,37,24,10
Everton FC,Everton,2009/2010,England,38,19,19,0,16,11,5,13,6,7,9,2,7,1.61,2.05,1.16,8,7,7,8,60,49,11,109,56,53,35,25
Burnley FC,Burnley,2009/2010,England,38,19,19,0,8,7,1,6,5,1,24,7,17,0.79,1.37,0.21,18,15,20,18,42,82,-40,124,55,69,25,17
Manchester United FC,Manchester United,2009/2010,England,38,19,19,0,27,16,11,4,1,3,7,2,5,2.24,2.58,1.89,2,2,1,2,86,28,58,114,64,50,52,34
Hull City AFC,Hull City,2009/2010,England,38,19,19,0,6,6,0,12,6,6,20,7,13,0.79,1.26,0.32,19,18,19,19,34,75,-41,109,51,58,22,12
Liverpool FC,Liverpool,2009/2010,England,38,19,19,0,18,13,5,9,3,6,11,3,8,1.66,2.21,1.11,7,5,8,7,61,35,26,96,58,38,43,18
Chelsea FC,Chelsea,2009/2010,England,38,19,19,0,27,17,10,5,1,4,6,1,5,2.26,2.74,1.79,1,1,2,1,103,32,71,135,82,53,68,35
West Ham United FC,West Ham United,2009/2010,England,38,19,19,0,8,7,1,11,5,6,19,7,12,0.92,1.37,0.47,17,14,18,17,47,66,-19,113,59,54,30,17
Sunderland AFC,Sunderland,2009/2010,England,38,19,19,0,11,9,2,11,7,4,16,3,13,1.16,1.79,0.53,13,10,16,13,48,56,-8,104,51,53,32,16
Aston Villa FC,Aston Villa,2009/2010,England,38,19,19,0,17,8,9,13,8,5,8,3,5,1.68,1.68,1.68,6,12,3,6,52,39,13,91,45,46,29,23
Fulham FC,Fulham,2009/2010,England,38,19,19,0,12,11,1,10,3,7,16,5,11,1.21,1.89,0.53,12,8,15,12,39,46,-7,85,42,43,27,12
Birmingham City FC,Birmingham City,2009/2010,England,38,19,19,0,13,8,5,11,9,2,14,2,12,1.32,1.74,0.89,9,11,10,9,38,47,-9,85,32,53,19,19
Blackburn Rovers FC,Blackburn Rovers,2009/2010,England,38,19,19,0,13,10,3,11,6,5,14,3,11,1.32,1.89,0.74,10,9,13,10,41,55,-14,96,46,50,28,13
Wigan Athletic FC,Wigan Athletic,2009/2010,England,38,19,19,0,9,6,3,9,7,2,20,6,14,0.95,1.32,0.58,16,16,14,16,37,79,-42,116,43,73,19,18
Wolverhampton Wanderers FC,Wolverhampton Wanderers,2009/2010,England,38,19,19,0,9,5,4,11,6,5,18,8,10,1.0,1.11,0.89,15,19,11,15,32,56,-24,88,35,53,13,19
Bolton Wanderers FC,Bolton Wanderers,2009/2010,England,38,19,19,0,10,6,4,9,6,3,19,7,12,1.03,1.26,0.79,14,17,12,14,42,67,-25,109,57,52,26,16
Portsmouth FC,Portsmouth,2009/2010,England,38,19,19,0,7,5,2,7,3,4,24,11,13,0.74,0.95,0.53,20,20,17,20,34,66,-32,100,56,44,24,10
Arsenal FC,Arsenal,2010/2011,England,38,19,19,0,19,11,8,11,4,7,8,4,4,1.79,1.95,1.63,4,5,1,4,72,43,29,115,48,67,33,39
Tottenham Hotspur FC,Tottenham Hotspur,2010/2011,England,38,19,19,0,16,9,7,14,9,5,8,1,7,1.63,1.89,1.37,5,6,4,5,55,46,9,101,49,52,30,25
Manchester City FC,Manchester City,2010/2011,England,38,19,19,0,21,13,8,8,4,4,9,2,7,1.87,2.26,1.47,3,3,2,3,60,33,27,93,46,47,34,26
Stoke City FC,Stoke City,2010/2011,England,38,19,19,0,13,10,3,7,4,3,18,5,13,1.21,1.79,0.63,13,8,18,13,46,48,-2,94,49,45,31,15
West Bromwich Albion FC,West Bromwich Albion,2010/2011,England,38,19,19,0,12,8,4,11,6,5,15,5,10,1.24,1.58,0.89,11,12,13,11,56,71,-15,127,60,67,30,26
Everton FC,Everton,2010/2011,England,38,19,19,0,13,9,4,15,7,8,10,3,7,1.42,1.79,1.05,7,9,7,7,51,45,6,96,54,42,31,20
Manchester United FC,Manchester United,2010/2011,England,38,19,19,0,23,18,5,11,1,10,4,0,4,2.11,2.89,1.32,1,1,5,1,78,37,41,115,61,54,49,29
Liverpool FC,Liverpool,2010/2011,England,38,19,19,0,17,12,5,7,4,3,14,3,11,1.53,2.11,0.95,6,4,12,6,59,44,15,103,51,52,37,22
Chelsea FC,Chelsea,2010/2011,England,38,19,19,0,21,14,7,8,3,5,9,2,7,1.87,2.37,1.37,2,2,3,2,69,33,36,102,52,50,39,30
West Ham United FC,West Ham United,2010/2011,England,38,19,19,0,7,5,2,12,5,7,19,9,10,0.87,1.05,0.68,20,19,17,20,43,70,-27,113,55,58,24,19
Sunderland AFC,Sunderland,2010/2011,England,38,19,19,0,12,7,5,11,5,6,15,7,8,1.24,1.37,1.11,10,16,6,10,45,56,-11,101,52,49,25,20
Newcastle United FC,Newcastle United,2010/2011,England,38,19,19,0,11,6,5,13,8,5,14,5,9,1.21,1.37,1.05,12,15,8,12,56,57,-1,113,68,45,41,15
Aston Villa FC,Aston Villa,2010/2011,England,38,19,19,0,12,8,4,12,7,5,14,4,10,1.26,1.63,0.89,9,10,14,9,48,59,-11,107,45,62,26,22
Fulham FC,Fulham,2010/2011,England,38,19,19,0,11,8,3,16,7,9,11,4,7,1.29,1.63,0.95,8,11,11,8,49,43,6,92,53,39,30,19
Birmingham City FC,Birmingham City,2010/2011,England,38,19,19,0,8,6,2,15,8,7,15,5,10,1.03,1.37,0.68,18,17,16,18,37,58,-21,95,41,54,19,18
Blackburn Rovers FC,Blackburn Rovers,2010/2011,England,38,19,19,0,11,7,4,10,7,3,17,5,12,1.13,1.47,0.79,15,13,15,15,46,59,-13,105,38,67,22,24
Wigan Athletic FC,Wigan Athletic,2010/2011,England,38,19,19,0,9,5,4,15,8,7,14,6,8,1.11,1.21,1.0,16,18,9,16,40,61,-21,101,56,45,22,18
Wolverhampton Wanderers FC,Wolverhampton Wanderers,2010/2011,England,38,19,19,0,11,8,3,7,4,3,20,7,13,1.05,1.47,0.63,17,14,19,17,46,66,-20,112,60,52,30,16
Bolton Wanderers FC,Bolton Wanderers,2010/2011,England,38,19,19,0,12,10,2,10,5,5,16,4,12,1.21,1.84,0.58,14,7,20,14,52,56,-4,108,58,50,34,18
Blackpool FC,Blackpool,2010/2011,England,38,19,19,0,10,5,5,9,5,4,19,9,10,1.03,1.05,1.0,19,20,10,19,55,78,-23,133,67,66,30,25
Arsenal FC,Arsenal,2011/2012,England,38,19,19,0,21,12,9,7,4,3,10,3,7,1.84,2.11,1.58,3,4,3,3,74,49,25,123,56,67,39,35
Tottenham Hotspur FC,Tottenham Hotspur,2011/2012,England,38,19,19,0,20,13,7,9,3,6,9,3,6,1.82,2.21,1.42,4,3,4,4,66,41,25,107,56,51,39,27
Manchester City FC,Manchester City,2011/2012,England,38,19,19,0,28,18,10,5,1,4,5,0,5,2.34,2.89,1.79,1,1,2,1,93,29,64,122,67,55,55,38
Stoke City FC,Stoke City,2011/2012,England,38,19,19,0,11,7,4,12,8,4,15,4,11,1.18,1.53,0.84,14,10,17,14,36,53,-17,89,45,44,25,11
West Bromwich Albion FC,West Bromwich Albion,2011/2012,England,38,19,19,0,13,6,7,8,3,5,17,10,7,1.24,1.11,1.37,11,16,6,11,45,52,-7,97,43,54,21,24
Everton FC,Everton,2011/2012,England,38,19,19,0,15,10,5,11,3,8,12,6,6,1.47,1.74,1.21,7,8,9,7,50,40,10,90,43,47,28,22
Manchester United FC,Manchester United,2011/2012,England,38,19,19,0,28,15,13,5,2,3,5,2,3,2.34,2.47,2.21,2,2,1,2,89,33,56,122,71,51,52,37
Liverpool FC,Liverpool,2011/2012,England,38,19,19,0,14,6,8,10,9,1,14,4,10,1.37,1.42,1.32,8,12,8,8,47,40,7,87,40,47,24,23
Chelsea FC,Chelsea,2011/2012,England,38,19,19,0,18,12,6,10,3,7,10,4,6,1.68,2.05,1.32,6,5,7,6,65,46,19,111,65,46,41,24
Swansea City AFC,Swansea City,2011/2012,Wales,38,19,19,0,12,8,4,11,7,4,15,4,11,1.24,1.63,0.84,10,9,16,10,44,51,-7,95,45,50,27,17
Sunderland AFC,Sunderland,2011/2012,England,38,19,19,0,11,7,4,12,7,5,15,5,10,1.18,1.47,0.89,13,11,14,13,45,46,-1,91,43,48,26,19
Newcastle United FC,Newcastle United,2011/2012,England,38,19,19,0,19,11,8,8,5,3,11,3,8,1.71,2.0,1.42,5,6,5,5,56,51,5,107,46,61,29,27
Aston Villa FC,Aston Villa,2011/2012,England,38,19,19,0,7,4,3,17,7,10,14,8,6,1.0,1.0,1.0,16,17,13,16,37,53,-16,90,45,45,20,17
Norwich City FC,Norwich City,2011/2012,England,38,19,19,0,12,7,5,11,6,5,15,6,9,1.24,1.42,1.05,12,13,11,12,52,66,-14,118,58,60,28,24
Queens Park Rangers FC,Queens Park Rangers,2011/2012,England,38,19,19,0,10,7,3,7,5,2,21,7,14,0.97,1.37,0.58,17,14,20,17,43,66,-23,109,49,60,24,19
Fulham FC,Fulham,2011/2012,England,38,19,19,0,14,10,4,10,5,5,14,4,10,1.37,1.84,0.89,9,7,15,9,48,51,-3,99,62,37,36,12
Blackburn Rovers FC,Blackburn Rovers,2011/2012,England,38,19,19,0,8,6,2,7,1,6,23,12,11,0.82,1.0,0.63,19,18,19,19,48,78,-30,126,59,67,26,22
Wigan Athletic FC,Wigan Athletic,2011/2012,England,38,19,19,0,11,5,6,10,7,3,17,7,10,1.13,1.16,1.11,15,15,10,15,42,62,-20,104,49,55,22,20
Wolverhampton Wanderers FC,Wolverhampton Wanderers,2011/2012,England,38,19,19,0,5,3,2,10,3,7,23,13,10,0.66,0.63,0.68,20,20,18,20,40,82,-42,122,62,60,19,21
Bolton Wanderers FC,Bolton Wanderers,2011/2012,England,38,19,19,0,10,4,6,6,4,2,22,11,11,0.95,0.84,1.05,18,19,12,18,46,77,-31,123,62,61,23,23
Arsenal FC,Arsenal,2012/2013,England,38,19,19,0,21,11,10,10,5,5,7,3,4,1.92,2.0,1.84,4,5,2,4,72,37,35,109,70,39,47,25
Tottenham Hotspur FC,Tottenham Hotspur,2012/2013,England,38,19,19,0,21,11,10,9,5,4,8,3,5,1.89,2.0,1.79,5,6,4,5,66,46,20,112,47,65,29,37
Manchester City FC,Manchester City,2012/2013,England,38,19,19,0,23,14,9,9,3,6,6,2,4,2.05,2.37,1.74,2,2,5,2,66,34,32,100,56,44,41,25
Stoke City FC,Stoke City,2012/2013,England,38,19,19,0,9,7,2,15,7,8,14,5,9,1.11,1.47,0.74,13,11,15,13,34,45,-11,79,43,36,21,13
West Bromwich Albion FC,West Bromwich Albion,2012/2013,England,38,19,19,0,14,9,5,7,4,3,17,6,11,1.29,1.63,0.95,8,9,11,8,53,57,-4,110,57,53,32,21
Everton FC,Everton,2012/2013,England,38,19,19,0,16,12,4,15,6,9,7,1,6,1.66,2.21,1.11,6,3,7,6,55,40,15,95,50,45,33,22
Southampton FC,Southampton,2012/2013,England,38,19,19,0,9,6,3,14,7,7,15,6,9,1.08,1.32,0.84,14,14,13,14,49,60,-11,109,50,59,26,23
Manchester United FC,Manchester United,2012/2013,England,38,19,19,0,28,16,12,5,0,5,5,3,2,2.34,2.53,2.16,1,1,1,1,86,43,43,129,64,65,45,41
Liverpool FC,Liverpool,2012/2013,England,38,19,19,0,16,9,7,13,6,7,9,4,5,1.61,1.74,1.47,7,7,6,7,71,43,28,114,49,65,33,38
Chelsea FC,Chelsea,2012/2013,England,38,19,19,0,22,12,10,9,5,4,7,2,5,1.97,2.16,1.79,3,4,3,3,75,39,36,114,57,57,41,34
West Ham United FC,West Ham United,2012/2013,England,38,19,19,0,12,9,3,10,6,4,16,4,12,1.21,1.74,0.68,10,8,17,10,45,53,-8,98,56,42,34,11
Swansea City AFC,Swansea City,2012/2013,Wales,38,19,19,0,11,6,5,13,8,5,14,5,9,1.21,1.37,1.05,9,13,9,9,47,51,-4,98,54,44,28,19
Sunderland AFC,Sunderland,2012/2013,England,38,19,19,0,9,5,4,12,8,4,17,6,11,1.03,1.21,0.84,17,16,14,17,41,54,-13,95,39,56,20,21
Newcastle United FC,Newcastle United,2012/2013,England,38,19,19,0,11,9,2,8,1,7,19,9,10,1.08,1.47,0.68,16,12,16,16,45,68,-23,113,55,58,24,21
Aston Villa FC,Aston Villa,2012/2013,England,38,19,19,0,10,5,5,11,5,6,17,9,8,1.08,1.05,1.11,15,17,8,15,47,69,-22,116,51,65,23,24
Norwich City FC,Norwich City,2012/2013,England,38,19,19,0,10,8,2,14,7,7,14,4,10,1.16,1.63,0.68,11,10,18,11,41,58,-17,99,45,54,25,16
Queens Park Rangers FC,Queens Park Rangers,2012/2013,England,38,19,19,0,4,2,2,13,8,5,21,9,12,0.66,0.74,0.58,20,20,19,20,30,60,-30,90,41,49,13,17
Fulham FC,Fulham,2012/2013,England,38,19,19,0,11,7,4,10,3,7,17,9,8,1.13,1.26,1.0,12,15,10,12,50,60,-10,110,58,52,28,22
Reading FC,Reading,2012/2013,England,38,19,19,0,6,4,2,10,8,2,22,7,15,0.74,1.05,0.42,19,18,20,19,43,73,-30,116,56,60,23,20
Wigan Athletic FC,Wigan Athletic,2012/2013,England,38,19,19,0,9,4,5,9,6,3,20,9,11,0.95,0.95,0.95,18,19,12,18,47,73,-26,120,65,55,26,21
Arsenal FC,Arsenal,2013/2014,England,38,19,19,0,24,13,11,7,5,2,7,1,6,2.08,2.32,1.84,4,4,2,4,68,41,27,109,47,62,36,32
Tottenham Hotspur FC,Tottenham Hotspur,2013/2014,England,38,19,19,0,21,11,10,6,3,3,11,5,6,1.82,1.89,1.74,6,7,6,6,55,51,4,106,53,53,30,25
Manchester City FC,Manchester City,2013/2014,England,38,19,19,0,27,17,10,5,1,4,6,1,5,2.26,2.74,1.79,1,1,3,1,102,37,65,139,76,63,63,39
Stoke City FC,Stoke City,2013/2014,England,38,19,19,0,13,10,3,11,6,5,14,3,11,1.32,1.89,0.74,9,6,16,9,45,52,-7,97,44,53,27,18
West Bromwich Albion FC,West Bromwich Albion,2013/2014,England,38,19,19,0,7,4,3,15,9,6,16,6,10,0.95,1.11,0.79,17,16,15,17,43,59,-16,102,51,51,24,19
Crystal Palace FC,Crystal Palace,2013/2014,England,38,19,19,0,13,8,5,6,3,3,19,8,11,1.18,1.42,0.95,11,10,12,11,33,48,-15,81,41,40,18,15
Everton FC,Everton,2013/2014,England,38,19,19,0,21,13,8,9,3,6,8,3,5,1.89,2.21,1.58,5,5,7,5,61,39,22,100,57,43,38,23
Southampton FC,Southampton,2013/2014,England,38,19,19,0,15,8,7,11,6,5,12,5,7,1.47,1.58,1.37,8,8,8,8,54,46,8,100,55,45,32,22
Manchester United FC,Manchester United,2013/2014,England,38,19,19,0,19,9,10,7,3,4,12,7,5,1.68,1.58,1.79,7,9,4,7,64,43,21,107,50,57,29,35
Hull City AFC,Hull City,2013/2014,England,38,19,19,0,10,7,3,7,4,3,21,8,13,0.97,1.32,0.63,16,12,18,16,38,53,-15,91,41,50,20,18
Liverpool FC,Liverpool,2013/2014,England,38,19,19,0,26,16,10,6,1,5,6,2,4,2.21,2.58,1.84,2,2,1,2,101,50,51,151,71,80,53,48
Chelsea FC,Chelsea,2013/2014,England,38,19,19,0,25,15,10,7,3,4,6,1,5,2.16,2.53,1.79,3,3,5,3,71,27,44,98,54,44,43,28
West Ham United FC,West Ham United,2013/2014,England,38,19,19,0,11,7,4,7,3,4,20,9,11,1.05,1.26,0.84,13,14,14,13,40,51,-11,91,51,40,25,15
Swansea City AFC,Swansea City,2013/2014,Wales,38,19,19,0,11,6,5,9,5,4,18,8,10,1.11,1.21,1.0,12,15,11,12,54,54,0,108,59,49,33,21
Sunderland AFC,Sunderland,2013/2014,England,38,19,19,0,10,5,5,8,3,5,20,11,9,1.0,0.95,1.05,14,19,10,14,41,60,-19,101,48,53,21,20
Newcastle United FC,Newcastle United,2013/2014,England,38,19,19,0,15,8,7,4,3,1,19,8,11,1.29,1.42,1.16,10,11,9,10,43,59,-16,102,51,51,23,20
Aston Villa FC,Aston Villa,2013/2014,England,38,19,19,0,10,6,4,8,3,5,20,10,10,1.0,1.11,0.89,15,17,13,15,39,61,-22,100,51,49,22,17
Norwich City FC,Norwich City,2013/2014,England,38,19,19,0,8,6,2,9,6,3,21,7,14,0.87,1.26,0.47,18,13,20,18,28,62,-34,90,35,55,17,11
Cardiff City FC,Cardiff City,2013/2014,Wales,38,19,19,0,7,5,2,9,5,4,22,9,13,0.79,1.05,0.53,20,18,19,20,32,74,-42,106,55,51,20,12
Fulham FC,Fulham,2013/2014,England,38,19,19,0,9,5,4,5,3,2,24,11,13,0.84,0.95,0.74,19,20,17,19,40,85,-45,125,62,63,24,16
Arsenal FC,Arsenal,2014/2015,England,38,19,19,0,22,12,10,9,5,4,7,2,5,1.97,2.16,1.79,3,4,3,3,71,36,35,107,55,52,41,30
Tottenham Hotspur FC,Tottenham Hotspur,2014/2015,England,38,19,19,0,19,10,9,7,3,4,12,6,6,1.68,1.74,1.63,5,8,4,5,58,53,5,111,55,56,31,27
Manchester City FC,Manchester City,2014/2015,England,38,19,19,0,24,14,10,7,3,4,7,2,5,2.08,2.37,1.79,2,2,2,2,83,38,45,121,58,63,44,39
Leicester City FC,Leicester City,2014/2015,England,38,19,19,0,11,7,4,8,5,3,19,7,12,1.08,1.37,0.79,14,12,17,14,46,55,-9,101,50,51,28,18
Stoke City FC,Stoke City,2014/2015,England,38,19,19,0,15,10,5,9,3,6,14,6,8,1.42,1.74,1.11,9,7,10,9,48,45,3,93,54,39,32,16
West Bromwich Albion FC,West Bromwich Albion,2014/2015,England,38,19,19,0,11,7,4,11,4,7,16,8,8,1.16,1.32,1.0,13,14,12,13,38,51,-13,89,50,39,24,14
Crystal Palace FC,Crystal Palace,2014/2015,England,38,19,19,0,13,6,7,9,3,6,16,10,6,1.26,1.11,1.42,10,16,5,10,47,51,-4,98,48,50,21,26
Everton FC,Everton,2014/2015,England,38,19,19,0,12,7,5,11,7,4,15,5,10,1.24,1.47,1.0,11,11,11,11,48,50,-2,98,48,50,27,21
Burnley FC,Burnley,2014/2015,England,38,19,19,0,7,4,3,12,7,5,19,8,11,0.87,1.0,0.74,19,20,18,19,28,53,-25,81,35,46,14,14
Southampton FC,Southampton,2014/2015,England,38,19,19,0,18,11,7,6,4,2,14,4,10,1.58,1.95,1.21,7,5,9,7,54,33,21,87,50,37,37,17
Manchester United FC,Manchester United,2014/2015,England,38,19,19,0,20,14,6,10,2,8,8,3,5,1.84,2.32,1.37,4,3,7,4,62,37,25,99,56,43,41,21
Hull City AFC,Hull City,2014/2015,England,38,19,19,0,8,5,3,11,5,6,19,9,10,0.92,1.05,0.79,18,18,16,18,33,51,-18,84,43,41,19,14
Liverpool FC,Liverpool,2014/2015,England,38,19,19,0,18,10,8,8,5,3,12,4,8,1.63,1.84,1.42,6,6,6,6,52,48,4,100,50,50,30,22
Chelsea FC,Chelsea,2014/2015,England,38,19,19,0,26,15,11,9,4,5,3,0,3,2.29,2.58,2.0,1,1,1,1,73,32,41,105,45,60,36,37
West Ham United FC,West Ham United,2014/2015,England,38,19,19,0,12,9,3,11,4,7,15,6,9,1.24,1.63,0.84,12,10,15,12,44,47,-3,91,43,48,25,19
Swansea City AFC,Swansea City,2014/2015,Wales,38,19,19,0,16,9,7,8,5,3,14,5,9,1.47,1.68,1.26,8,9,8,8,46,49,-3,95,49,46,27,19
Sunderland AFC,Sunderland,2014/2015,England,38,19,19,0,7,4,3,17,8,9,14,7,7,1.0,1.05,0.95,16,19,13,16,31,53,-22,84,43,41,16,15
Newcastle United FC,Newcastle United,2014/2015,England,38,19,19,0,10,7,3,9,5,4,19,7,12,1.03,1.37,0.68,15,13,19,15,40,63,-23,103,53,50,26,14
Aston Villa FC,Aston Villa,2014/2015,England,38,19,19,0,10,5,5,8,6,2,20,8,12,1.0,1.11,0.89,17,17,14,17,31,57,-26,88,43,45,18,13
Queens Park Rangers FC,Queens Park Rangers,2014/2015,England,38,19,19,0,8,6,2,6,5,1,24,8,16,0.79,1.21,0.37,20,15,20,20,42,73,-31,115,47,68,23,19
Arsenal FC,Arsenal,2015/2016,England,38,19,19,0,20,12,8,11,4,7,7,3,4,1.87,2.11,1.63,2,3,3,2,65,36,29,101,42,59,31,34
Tottenham Hotspur FC,Tottenham Hotspur,2015/2016,England,38,19,19,0,19,10,9,13,6,7,6,3,3,1.84,1.89,1.79,3,5,2,3,69,35,34,104,50,54,35,34
Manchester City FC,Manchester City,2015/2016,England,38,19,19,0,19,12,7,9,2,7,10,5,5,1.74,2.0,1.47,4,4,5,4,71,41,30,112,68,44,47,24
Leicester City FC,Leicester City,2015/2016,England,38,19,19,0,23,12,11,12,6,6,3,1,2,2.13,2.21,2.05,1,1,1,1,68,36,32,104,53,51,35,33
Stoke City FC,Stoke City,2015/2016,England,38,19,19,0,14,8,6,9,4,5,15,7,8,1.34,1.47,1.21,9,11,11,9,41,55,-14,96,46,50,22,19
West Bromwich Albion FC,West Bromwich Albion,2015/2016,England,38,19,19,0,10,6,4,13,5,8,15,8,7,1.13,1.21,1.05,14,17,15,14,34,48,-14,82,46,36,20,14
Crystal Palace FC,Crystal Palace,2015/2016,England,38,19,19,0,11,6,5,9,3,6,18,10,8,1.11,1.11,1.11,15,18,13,15,39,51,-12,90,42,48,19,20
Everton FC,Everton,2015/2016,England,38,19,19,0,11,6,5,14,5,9,13,8,5,1.24,1.21,1.26,11,15,10,11,59,55,4,114,65,49,35,24
Southampton FC,Southampton,2015/2016,England,38,19,19,0,18,11,7,9,3,6,11,5,6,1.66,1.89,1.42,6,6,7,6,59,41,18,100,61,39,39,20
AFC Bournemouth,AFC Bournemouth,2015/2016,England,38,19,19,0,11,5,6,9,5,4,18,9,9,1.11,1.05,1.16,16,19,12,16,45,67,-22,112,57,55,23,22
Manchester United FC,Manchester United,2015/2016,England,38,19,19,0,19,12,7,9,5,4,10,2,8,1.74,2.16,1.32,5,2,9,5,49,35,14,84,36,48,27,22
Liverpool FC,Liverpool,2015/2016,England,38,19,19,0,16,8,8,12,8,4,10,3,7,1.58,1.68,1.47,8,8,6,8,63,50,13,113,55,58,33,30
Chelsea FC,Chelsea,2015/2016,England,38,19,19,0,12,5,7,14,9,5,12,5,7,1.32,1.26,1.37,10,13,8,10,59,53,6,112,62,50,32,27
West Ham United FC,West Ham United,2015/2016,England,38,19,19,0,16,9,7,14,7,7,8,3,5,1.63,1.79,1.47,7,7,4,7,65,51,14,116,60,56,34,31
Swansea City AFC,Swansea City,2015/2016,Wales,38,19,19,0,12,8,4,11,6,5,15,5,10,1.24,1.58,0.89,12,9,16,12,42,52,-10,94,40,54,20,22
Watford FC,Watford,2015/2016,England,38,19,19,0,12,6,6,9,6,3,17,7,10,1.18,1.26,1.11,13,14,14,13,40,50,-10,90,39,51,20,20
Sunderland AFC,Sunderland,2015/2016,England,38,19,19,0,9,6,3,12,6,6,17,7,10,1.03,1.26,0.79,17,12,17,17,48,62,-14,110,43,67,23,25
Newcastle United FC,Newcastle United,2015/2016,England,38,19,19,0,9,7,2,10,7,3,19,5,14,0.97,1.47,0.47,18,10,19,18,44,65,-21,109,56,53,32,12
Aston Villa FC,Aston Villa,2015/2016,England,38,19,19,0,3,2,1,8,5,3,27,12,15,0.45,0.58,0.32,20,20,20,20,27,76,-49,103,49,54,14,13
Norwich City FC,Norwich City,2015/2016,England,38,19,19,0,9,6,3,7,5,2,22,8,14,0.89,1.21,0.58,19,16,18,19,39,67,-28,106,56,50,26,13
Arsenal FC,Arsenal,2016/2017,England,38,19,19,0,23,14,9,6,3,3,9,2,7,1.97,2.37,1.58,5,3,6,5,77,44,33,121,55,66,39,38
Tottenham Hotspur FC,Tottenham Hotspur,2016/2017,England,38,19,19,0,26,17,9,8,2,6,4,0,4,2.26,2.79,1.74,2,1,5,2,86,26,60,112,56,56,47,39
Manchester City FC,Manchester City,2016/2017,England,38,19,19,0,23,11,12,9,7,2,6,1,5,2.05,2.11,2.0,3,6,2,3,80,39,41,119,54,65,37,43
Leicester City FC,Leicester City,2016/2017,England,38,19,19,0,12,10,2,8,4,4,18,5,13,1.16,1.79,0.53,13,8,17,13,48,63,-15,111,56,55,31,17
Stoke City FC,Stoke City,2016/2017,England,38,19,19,0,11,7,4,11,6,5,16,6,10,1.16,1.42,0.89,12,14,11,12,41,56,-15,97,48,49,24,17
West Bromwich Albion FC,West Bromwich Albion,2016/2017,England,38,19,19,0,12,9,3,9,2,7,17,8,9,1.18,1.53,0.84,10,11,12,10,43,51,-8,94,49,45,27,16
Crystal Palace FC,Crystal Palace,2016/2017,England,38,19,19,0,12,6,6,5,2,3,21,11,10,1.08,1.05,1.11,14,18,8,14,50,63,-13,113,49,64,24,26
Everton FC,Everton,2016/2017,England,38,19,19,0,17,13,4,10,4,6,11,2,9,1.61,2.26,0.95,7,4,10,7,62,44,18,106,58,48,42,20
Burnley FC,Burnley,2016/2017,England,38,19,19,0,11,10,1,7,3,4,20,6,14,1.05,1.74,0.37,16,9,19,16,39,55,-16,94,46,48,26,13
Southampton FC,Southampton,2016/2017,England,38,19,19,0,12,6,6,10,6,4,16,7,9,1.21,1.26,1.16,8,17,7,8,41,48,-7,89,38,51,17,24
Middlesbrough FC,Middlesbrough,2016/2017,England,38,19,19,0,5,4,1,13,6,7,20,9,11,0.74,0.95,0.53,19,19,16,19,27,53,-26,80,40,40,17,10
AFC Bournemouth,AFC Bournemouth,2016/2017,England,38,19,19,0,12,9,3,10,4,6,16,6,10,1.21,1.63,0.79,9,10,13,9,55,67,-12,122,64,58,35,20
Manchester United FC,Manchester United,2016/2017,England,38,19,19,0,18,8,10,15,10,5,5,1,4,1.82,1.79,1.84,6,7,3,6,54,29,25,83,38,45,26,28
Hull City AFC,Hull City,2016/2017,England,38,19,19,0,9,8,1,7,4,3,22,7,15,0.89,1.47,0.32,18,13,20,18,37,80,-43,117,63,54,28,9
Liverpool FC,Liverpool,2016/2017,England,38,19,19,0,22,12,10,10,5,5,6,2,4,2.0,2.16,1.84,4,5,4,4,78,42,36,120,63,57,45,33
Chelsea FC,Chelsea,2016/2017,England,38,19,19,0,30,17,13,3,0,3,5,2,3,2.45,2.68,2.21,1,2,1,1,85,33,52,118,72,46,55,30
West Ham United FC,West Ham United,2016/2017,England,38,19,19,0,12,7,5,9,4,5,17,8,9,1.18,1.32,1.05,11,16,9,11,47,64,-17,111,50,61,19,28
Swansea City AFC,Swansea City,2016/2017,Wales,38,19,19,0,12,8,4,5,3,2,21,8,13,1.08,1.42,0.74,15,15,14,15,45,70,-25,115,61,54,27,18
Watford FC,Watford,2016/2017,England,38,19,19,0,11,8,3,7,4,3,20,7,13,1.05,1.47,0.63,17,12,15,17,40,68,-28,108,54,54,25,15
Sunderland AFC,Sunderland,2016/2017,England,38,19,19,0,6,3,3,6,5,1,26,11,15,0.63,0.74,0.53,20,20,18,20,29,69,-40,98,50,48,16,13
Arsenal FC,Arsenal,2017/2018,England,38,19,19,0,19,15,4,6,2,4,13,2,11,1.66,2.47,0.84,6,2,11,6,74,51,23,125,74,51,54,20
Tottenham Hotspur FC,Tottenham Hotspur,2017/2018,England,38,19,19,0,23,13,10,8,4,4,7,2,5,2.03,2.26,1.79,3,5,2,3,74,36,38,110,56,54,40,34
Manchester City FC,Manchester City,2017/2018,England,38,19,19,0,32,16,16,4,2,2,2,1,1,2.63,2.63,2.63,1,1,1,1,106,27,79,133,75,58,61,45
Leicester City FC,Leicester City,2017/2018,England,38,19,19,0,12,7,5,11,6,5,15,6,9,1.24,1.42,1.05,9,10,7,9,56,60,-4,116,47,69,25,31
Stoke City FC,Stoke City,2017/2018,England,38,19,19,0,7,5,2,12,5,7,19,9,10,0.87,1.05,0.68,19,18,18,19,35,68,-33,103,50,53,20,15
West Bromwich Albion FC,West Bromwich Albion,2017/2018,England,38,19,19,0,6,3,3,13,9,4,19,7,12,0.82,0.95,0.68,20,20,17,20,31,56,-25,87,50,37,21,10
Crystal Palace FC,Crystal Palace,2017/2018,England,38,19,19,0,11,7,4,11,5,6,16,7,9,1.16,1.37,0.95,11,13,8,11,45,55,-10,100,56,44,29,16
Everton FC,Everton,2017/2018,England,38,19,19,0,13,10,3,10,4,6,15,5,10,1.29,1.79,0.79,8,7,14,8,44,58,-14,102,50,52,28,16
Burnley FC,Burnley,2017/2018,England,38,19,19,0,14,7,7,12,5,7,12,7,5,1.42,1.37,1.47,7,14,6,7,36,39,-3,75,33,42,16,20
Southampton FC,Southampton,2017/2018,England,38,19,19,0,7,4,3,15,7,8,16,8,8,0.95,1.0,0.89,17,19,10,17,37,56,-19,93,46,47,20,17
AFC Bournemouth,AFC Bournemouth,2017/2018,England,38,19,19,0,11,7,4,11,5,6,16,7,9,1.16,1.37,0.95,12,15,9,12,45,61,-16,106,56,50,26,19
Manchester United FC,Manchester United,2017/2018,England,38,19,19,0,25,15,10,6,2,4,7,2,5,2.13,2.47,1.79,2,3,3,2,68,28,40,96,47,49,38,30
Liverpool FC,Liverpool,2017/2018,England,38,19,19,0,21,12,9,12,7,5,5,0,5,1.97,2.26,1.68,4,4,5,4,84,38,46,122,55,67,45,39
Chelsea FC,Chelsea,2017/2018,England,38,19,19,0,21,11,10,7,4,3,10,4,6,1.84,1.95,1.74,5,6,4,5,62,38,24,100,46,54,30,32
West Ham United FC,West Ham United,2017/2018,England,38,19,19,0,10,7,3,12,6,6,16,6,10,1.11,1.42,0.79,13,11,13,13,48,68,-20,116,50,66,24,24
Swansea City AFC,Swansea City,2017/2018,Wales,38,19,19,0,8,6,2,9,3,6,21,10,11,0.87,1.11,0.63,18,17,19,18,28,56,-28,84,41,43,17,11
Watford FC,Watford,2017/2018,England,38,19,19,0,11,7,4,8,6,2,19,6,13,1.08,1.42,0.74,14,12,15,14,44,64,-20,108,58,50,27,17
Newcastle United FC,Newcastle United,2017/2018,England,38,19,19,0,12,8,4,8,4,4,18,7,11,1.16,1.47,0.84,10,9,12,10,39,47,-8,86,38,48,21,18
Brighton & Hove Albion FC,Brighton & Hove Albion,2017/2018,England,38,19,19,0,9,7,2,13,8,5,16,4,12,1.05,1.53,0.58,15,8,20,15,34,54,-20,88,49,39,24,10
Huddersfield Town FC,Huddersfield Town,2017/2018,England,38,19,19,0,9,6,3,10,5,5,19,8,11,0.97,1.21,0.74,16,16,16,16,28,58,-30,86,41,45,16,12
Arsenal FC,Arsenal,2018/2019,England,38,19,19,0,21,14,7,7,3,4,10,2,8,1.84,2.37,1.32,5,3,8,5,73,51,22,124,58,66,42,31
Tottenham Hotspur FC,Tottenham Hotspur,2018/2019,England,38,19,19,0,23,12,11,2,2,0,13,5,8,1.87,2.0,1.74,4,5,3,4,67,39,28,106,50,56,34,33
Manchester City FC,Manchester City,2018/2019,England,38,19,19,0,32,18,14,2,0,2,4,1,3,2.58,2.84,2.32,1,1,1,1,95,23,72,118,69,49,57,38
Leicester City FC,Leicester City,2018/2019,England,38,19,19,0,15,8,7,7,3,4,16,8,8,1.37,1.42,1.32,9,11,7,9,51,48,3,99,44,55,24,27
Crystal Palace FC,Crystal Palace,2018/2019,England,38,19,19,0,14,5,9,7,5,2,17,9,8,1.29,1.05,1.53,12,18,6,12,51,53,-2,104,42,62,19,32
Everton FC,Everton,2018/2019,England,38,19,19,0,15,10,5,9,4,5,14,5,9,1.42,1.79,1.05,8,7,12,8,54,46,8,100,51,49,30,24
Burnley FC,Burnley,2018/2019,England,38,19,19,0,11,7,4,7,2,5,20,10,10,1.05,1.21,0.89,15,15,14,15,45,68,-23,113,56,57,24,21
Southampton FC,Southampton,2018/2019,England,38,19,19,0,9,5,4,12,8,4,17,6,11,1.03,1.21,0.84,16,14,15,16,45,65,-20,110,57,53,27,18
AFC Bournemouth,AFC Bournemouth,2018/2019,England,38,19,19,0,13,8,5,6,5,1,19,6,13,1.18,1.53,0.84,14,10,16,14,56,70,-14,126,55,71,30,26
Manchester United FC,Manchester United,2018/2019,England,38,19,19,0,19,10,9,9,6,3,10,3,7,1.74,1.89,1.58,6,6,4,6,65,54,11,119,58,61,33,32
Liverpool FC,Liverpool,2018/2019,England,38,19,19,0,30,17,13,7,2,5,1,0,1,2.55,2.79,2.32,2,2,2,2,89,22,67,111,65,46,55,34
Chelsea FC,Chelsea,2018/2019,England,38,19,19,0,21,12,9,9,6,3,8,1,7,1.89,2.21,1.58,3,4,5,3,63,39,24,102,51,51,39,24
West Ham United FC,West Ham United,2018/2019,England,38,19,19,0,15,9,6,7,4,3,16,6,10,1.37,1.63,1.11,10,9,11,10,52,55,-3,107,59,48,32,20
Watford FC,Watford,2018/2019,England,38,19,19,0,14,8,6,8,3,5,16,8,8,1.32,1.42,1.21,11,12,9,11,52,59,-7,111,54,57,26,26
Newcastle United FC,Newcastle United,2018/2019,England,38,19,19,0,12,8,4,9,1,8,17,10,7,1.18,1.32,1.05,13,13,13,13,42,48,-6,90,49,41,24,18
Cardiff City FC,Cardiff City,2018/2019,Wales,38,19,19,0,10,6,4,4,2,2,24,11,13,0.89,1.05,0.74,18,19,17,18,34,69,-35,103,59,44,21,13
Fulham FC,Fulham,2018/2019,England,38,19,19,0,7,6,1,5,3,2,26,10,16,0.68,1.11,0.26,19,17,20,19,34,81,-47,115,58,57,22,12
Brighton & Hove Albion FC,Brighton & Hove Albion,2018/2019,England,38,19,19,0,9,6,3,9,5,4,20,8,12,0.95,1.21,0.68,17,16,18,17,35,60,-25,95,47,48,19,16
Huddersfield Town FC,Huddersfield Town,2018/2019,England,38,19,19,0,3,2,1,7,3,4,28,14,14,0.42,0.47,0.37,20,20,19,20,22,76,-54,98,41,57,10,12
Wolverhampton Wanderers FC,Wolverhampton Wanderers,2018/2019,England,38,19,19,0,16,10,6,9,4,5,13,5,8,1.5,1.79,1.21,7,8,10,7,47,46,1,93,49,44,28,19
Arsenal FC,Arsenal,2019/2020,England,38,19,19,0,14,10,4,14,6,8,10,3,7,1.47,1.89,1.05,8,7,10,8,56,48,8,104,60,44,36,20
Tottenham Hotspur FC,Tottenham Hotspur,2019/2020,England,38,19,19,0,16,12,4,11,3,8,11,4,7,1.55,2.05,1.05,6,3,11,6,61,47,14,108,53,55,36,25
Manchester City FC,Manchester City,2019/2020,England,38,19,19,0,26,15,11,3,2,1,9,2,7,2.13,2.47,1.79,2,2,2,2,102,35,67,137,70,67,57,45
Leicester City FC,Leicester City,2019/2020,England,38,19,19,0,18,11,7,8,4,4,12,4,8,1.63,1.95,1.32,5,5,8,5,67,41,26,108,52,56,35,32
Crystal Palace FC,Crystal Palace,2019/2020,England,38,19,19,0,11,6,5,10,5,5,17,8,9,1.13,1.21,1.05,14,15,12,14,31,50,-19,81,35,46,15,16
Everton FC,Everton,2019/2020,England,38,19,19,0,13,8,5,10,7,3,15,4,11,1.29,1.63,0.95,12,10,14,12,44,56,-12,100,45,55,24,20
Burnley FC,Burnley,2019/2020,England,38,19,19,0,15,8,7,9,4,5,14,7,7,1.42,1.47,1.37,10,11,7,10,43,50,-7,93,47,46,24,19
Southampton FC,Southampton,2019/2020,England,38,19,19,0,15,6,9,7,3,4,16,10,6,1.37,1.11,1.63,11,19,3,11,51,60,-9,111,56,55,21,30
AFC Bournemouth,AFC Bournemouth,2019/2020,England,38,19,19,0,9,5,4,7,6,1,22,8,14,0.89,1.11,0.68,18,18,17,18,40,65,-25,105,52,53,22,18
Manchester United FC,Manchester United,2019/2020,England,38,19,19,0,18,10,8,12,7,5,8,2,6,1.74,1.95,1.53,3,4,5,3,66,36,30,102,57,45,40,26
Liverpool FC,Liverpool,2019/2020,England,38,19,19,0,32,18,14,3,1,2,3,0,3,2.61,2.89,2.32,1,1,1,1,85,33,52,118,68,50,52,33
Chelsea FC,Chelsea,2019/2020,England,38,19,19,0,20,11,9,6,3,3,12,5,7,1.74,1.89,1.58,4,6,4,4,69,54,15,123,46,77,30,39
West Ham United FC,West Ham United,2019/2020,England,38,19,19,0,10,6,4,9,4,5,19,9,10,1.03,1.16,0.89,16,16,16,16,49,62,-13,111,63,48,30,19
Watford FC,Watford,2019/2020,England,38,19,19,0,8,6,2,10,6,4,20,7,13,0.89,1.26,0.53,19,13,19,19,36,64,-28,100,49,51,22,14
Newcastle United FC,Newcastle United,2019/2020,England,38,19,19,0,11,6,5,11,8,3,16,5,11,1.16,1.37,0.95,13,12,15,13,38,58,-20,96,41,55,20,18
Aston Villa FC,Aston Villa,2019/2020,England,38,19,19,0,9,7,2,8,3,5,21,9,12,0.92,1.26,0.58,17,14,18,17,41,67,-26,108,52,56,22,19
Norwich City FC,Norwich City,2019/2020,England,38,19,19,0,5,4,1,6,3,3,27,12,15,0.55,0.79,0.32,20,20,20,20,26,75,-49,101,56,45,19,7
Brighton & Hove Albion FC,Brighton & Hove Albion,2019/2020,England,38,19,19,0,9,5,4,14,7,7,15,7,8,1.08,1.16,1.0,15,17,13,15,39,54,-15,93,47,46,20,19
Wolverhampton Wanderers FC,Wolverhampton Wanderers,2019/2020,England,38,19,19,0,15,8,7,14,7,7,9,4,5,1.55,1.63,1.47,7,9,6,7,51,40,11,91,46,45,27,24
Sheffield United FC,Sheffield United,2019/2020,England,38,19,19,0,14,10,4,12,3,9,12,6,6,1.42,1.74,1.11,9,8,9,9,39,39,0,78,39,39,24,15
Arsenal FC,Arsenal,2020/2021,England,38,19,19,0,18,8,10,7,4,3,13,7,6,1.61,1.47,1.74,8,9,7,8,55,39,16,94,45,49,24,31
Tottenham Hotspur FC,Tottenham Hotspur,2020/2021,England,38,19,19,0,18,10,8,8,3,5,12,6,6,1.63,1.74,1.53,7,3,11,7,68,45,23,113,55,58,35,33
Manchester City FC,Manchester City,2020/2021,England,38,19,19,0,27,13,14,5,2,3,6,4,2,2.26,2.16,2.37,1,1,1,1,83,32,51,115,60,55,43,40
Leicester City FC,Leicester City,2020/2021,England,38,19,19,0,20,9,11,6,1,5,12,9,3,1.74,1.47,2.0,5,8,3,5,68,50,18,118,64,54,34,34
West Bromwich Albion FC,West Bromwich Albion,2020/2021,England,38,19,19,0,5,3,2,11,6,5,22,10,12,0.68,0.79,0.58,19,19,19,19,35,76,-41,111,54,57,15,20
Crystal Palace FC,Crystal Palace,2020/2021,England,38,19,19,0,12,6,6,8,5,3,18,8,10,1.16,1.21,1.11,14,14,14,14,41,66,-25,107,52,55,20,21
Everton FC,Everton,2020/2021,England,38,19,19,0,17,6,11,8,4,4,13,9,4,1.55,1.16,1.95,10,15,4,10,47,48,-1,95,52,43,24,23
Burnley FC,Burnley,2020/2021,England,38,19,19,0,10,4,6,9,6,3,19,9,10,1.03,0.95,1.11,17,17,13,17,33,55,-22,88,41,47,14,19
Southampton FC,Southampton,2020/2021,England,38,19,19,0,12,8,4,7,3,4,19,8,11,1.13,1.42,0.84,15,10,18,15,47,68,-21,115,53,62,28,19
Manchester United FC,Manchester United,2020/2021,England,38,19,19,0,21,9,12,11,4,7,6,6,0,1.95,1.63,2.26,2,6,2,2,73,44,29,117,66,51,38,35
Liverpool FC,Liverpool,2020/2021,England,38,19,19,0,20,10,10,9,3,6,9,6,3,1.82,1.74,1.89,3,5,5,3,68,42,26,110,49,61,29,39
Chelsea FC,Chelsea,2020/2021,England,38,19,19,0,19,9,10,10,6,4,9,4,5,1.76,1.74,1.79,4,4,6,4,58,36,22,94,49,45,31,27
West Ham United FC,West Ham United,2020/2021,England,38,19,19,0,19,10,9,8,4,4,11,5,6,1.71,1.79,1.63,6,2,8,6,62,47,15,109,54,55,32,30
Newcastle United FC,Newcastle United,2020/2021,England,38,19,19,0,12,6,6,9,5,4,17,8,9,1.18,1.21,1.16,13,13,12,13,46,62,-16,108,59,49,26,20
Aston Villa FC,Aston Villa,2020/2021,England,38,19,19,0,16,7,9,7,4,3,15,8,7,1.45,1.32,1.58,11,11,9,11,55,46,9,101,56,45,29,26
Fulham FC,Fulham,2020/2021,England,38,19,19,0,5,2,3,13,4,9,20,13,7,0.74,0.53,0.95,18,20,17,18,27,53,-26,80,37,43,9,18
Brighton & Hove Albion FC,Brighton & Hove Albion,2020/2021,England,38,19,19,0,9,4,5,14,9,5,15,6,9,1.08,1.11,1.05,16,16,15,16,40,46,-6,86,44,42,22,18
Leeds United FC,Leeds United,2020/2021,England,38,19,19,0,18,8,10,5,5,0,15,6,9,1.55,1.53,1.58,9,7,10,9,62,54,8,116,49,67,28,34
Wolverhampton Wanderers FC,Wolverhampton Wanderers,2020/2021,England,38,19,19,0,12,7,5,9,4,5,17,8,9,1.18,1.32,1.05,12,12,16,12,36,52,-16,88,46,42,21,15
Sheffield United FC,Sheffield United,2020/2021,England,38,19,19,0,7,5,2,2,1,1,29,13,16,0.61,0.84,0.37,20,18,20,20,20,63,-43,83,39,44,12,8
Arsenal FC,Arsenal,2021/2022,England,38,19,19,0,22,13,9,3,2,1,13,4,9,1.82,2.16,1.47,5,3,6,5,61,48,13,109,52,57,35,26
Tottenham Hotspur FC,Tottenham Hotspur,2021/2022,England,38,19,19,0,22,13,9,5,1,4,11,5,6,1.87,2.11,1.63,4,4,4,4,69,40,29,109,57,52,38,31
Manchester City FC,Manchester City,2021/2022,England,38,19,19,0,29,15,14,6,2,4,3,2,1,2.45,2.47,2.42,1,2,1,1,99,26,73,125,73,52,58,41
Leicester City FC,Leicester City,2021/2022,England,38,19,19,0,14,10,4,10,4,6,14,5,9,1.37,1.79,0.95,8,7,15,8,62,59,3,121,57,64,34,28
Crystal Palace FC,Crystal Palace,2021/2022,England,38,19,19,0,11,7,4,15,8,7,12,4,8,1.26,1.53,1.0,12,10,13,12,50,46,4,96,44,52,27,23
Everton FC,Everton,2021/2022,England,38,19,19,0,11,9,2,6,2,4,21,8,13,1.03,1.53,0.53,16,11,19,16,43,66,-23,109,52,57,27,16
Burnley FC,Burnley,2021/2022,England,38,19,19,0,7,5,2,14,6,8,17,8,9,0.92,1.11,0.74,18,17,18,18,34,53,-19,87,43,44,18,16
Southampton FC,Southampton,2021/2022,England,38,19,19,0,9,6,3,13,7,6,16,6,10,1.05,1.32,0.79,15,12,17,15,43,67,-24,110,47,63,23,20
Manchester United FC,Manchester United,2021/2022,England,38,19,19,0,16,10,6,10,5,5,12,4,8,1.53,1.84,1.21,6,5,9,6,57,57,0,114,54,60,32,25
Liverpool FC,Liverpool,2021/2022,England,38,19,19,0,28,15,13,8,4,4,2,0,2,2.42,2.58,2.26,2,1,2,2,94,26,68,120,58,62,49,45
Chelsea FC,Chelsea,2021/2022,England,38,19,19,0,21,9,12,11,7,4,6,3,3,1.95,1.79,2.11,3,6,3,3,76,33,43,109,59,50,37,39
West Ham United FC,West Ham United,2021/2022,England,38,19,19,0,16,9,7,8,5,3,14,5,9,1.47,1.68,1.26,7,8,8,7,60,51,9,111,59,52,33,27
Watford FC,Watford,2021/2022,England,38,19,19,0,6,2,4,5,2,3,27,15,12,0.61,0.42,0.79,19,20,16,19,34,77,-43,111,63,48,17,17
Newcastle United FC,Newcastle United,2021/2022,England,38,19,19,0,13,8,5,10,6,4,15,5,10,1.29,1.58,1.0,11,9,14,11,44,62,-18,106,53,53,26,18
Aston Villa FC,Aston Villa,2021/2022,England,38,19,19,0,13,6,7,6,5,1,19,8,11,1.18,1.21,1.16,14,15,10,14,52,54,-2,106,58,48,29,23
Norwich City FC,Norwich City,2021/2022,England,38,19,19,0,5,3,2,7,3,4,26,13,13,0.58,0.63,0.53,20,19,20,20,23,84,-61,107,55,52,12,11
Brighton & Hove Albion FC,Brighton & Hove Albion,2021/2022,England,38,19,19,0,12,5,7,15,7,8,11,7,4,1.34,1.16,1.53,9,16,5,9,42,44,-2,86,42,44,19,23
Brentford FC,Brentford,2021/2022,England,38,19,19,0,13,7,6,7,3,4,18,9,9,1.21,1.26,1.16,13,13,11,13,48,56,-8,104,43,61,22,26
Leeds United FC,Leeds United,2021/2022,England,38,19,19,0,9,4,5,11,6,5,18,9,9,1.0,0.95,1.05,17,18,12,17,42,79,-37,121,57,64,19,23
Wolverhampton Wanderers FC,Wolverhampton Wanderers,2021/2022,England,38,19,19,0,15,7,8,6,3,3,17,9,8,1.34,1.26,1.42,10,14,7,10,38,43,-5,81,45,36,20,18
Arsenal FC,Arsenal,2022/2023,England,38,19,19,0,26,14,12,6,3,3,6,2,4,2.21,2.37,2.05,2,3,1,2,88,43,45,131,78,53,53,35
Tottenham Hotspur FC,Tottenham Hotspur,2022/2023,England,38,19,19,0,18,12,6,6,1,5,14,6,8,1.58,1.95,1.21,8,8,8,8,70,63,7,133,62,71,37,33
Manchester City FC,Manchester City,2022/2023,England,38,19,19,0,28,17,11,5,1,4,5,1,4,2.34,2.74,1.95,1,1,2,1,94,33,61,127,77,50,60,34
Leicester City FC,Leicester City,2022/2023,England,38,19,19,0,9,5,4,7,4,3,22,10,12,0.89,1.0,0.79,18,19,15,18,51,68,-17,119,50,69,23,28
Crystal Palace FC,Crystal Palace,2022/2023,England,38,19,19,0,11,7,4,12,7,5,15,5,10,1.18,1.47,0.89,11,14,12,11,40,49,-9,89,44,45,21,19
Everton FC,Everton,2022/2023,England,38,19,19,0,8,6,2,12,3,9,18,10,8,0.95,1.11,0.79,17,18,14,17,34,57,-23,91,43,48,16,18
Southampton FC,Southampton,2022/2023,England,38,19,19,0,6,2,4,7,5,2,25,12,13,0.66,0.58,0.74,20,20,16,20,36,73,-37,109,56,53,19,17
AFC Bournemouth,AFC Bournemouth,2022/2023,England,38,19,19,0,11,6,5,6,4,2,21,9,12,1.03,1.16,0.89,15,16,13,15,37,71,-34,108,48,60,20,17
Manchester United FC,Manchester United,2022/2023,England,38,19,19,0,23,15,8,6,3,3,9,1,8,1.97,2.53,1.42,3,2,5,3,58,43,15,101,46,55,36,22
Liverpool FC,Liverpool,2022/2023,England,38,19,19,0,19,13,6,10,5,5,9,1,8,1.76,2.32,1.21,5,4,7,5,75,47,28,122,63,59,46,29
Chelsea FC,Chelsea,2022/2023,England,38,19,19,0,11,6,5,11,7,4,16,6,10,1.16,1.32,1.0,12,15,11,12,38,47,-9,85,39,46,20,18
West Ham United FC,West Ham United,2022/2023,England,38,19,19,0,11,8,3,7,4,3,20,7,13,1.05,1.47,0.63,14,13,17,14,42,55,-13,97,50,47,26,16
Newcastle United FC,Newcastle United,2022/2023,England,38,19,19,0,19,11,8,14,6,8,5,2,3,1.87,2.05,1.68,4,5,3,4,68,33,35,101,50,51,36,32
Aston Villa FC,Aston Villa,2022/2023,England,38,19,19,0,18,12,6,7,2,5,13,5,8,1.61,2.0,1.21,7,6,9,7,51,46,5,97,54,43,33,18
Fulham FC,Fulham,2022/2023,England,38,19,19,0,15,8,7,7,5,2,16,6,10,1.37,1.53,1.21,10,12,6,10,55,53,2,108,60,48,31,24
Brighton & Hove Albion FC,Brighton & Hove Albion,2022/2023,England,38,19,19,0,18,10,8,8,4,4,12,5,7,1.63,1.79,1.47,6,9,4,6,72,53,19,125,58,67,37,35
Nottingham Forest FC,Nottingham Forest,2022/2023,England,38,19,19,0,9,8,1,11,6,5,18,5,13,1.0,1.58,0.42,16,10,20,16,38,68,-30,106,51,55,27,11
Brentford FC,Brentford,2022/2023,England,38,19,19,0,15,10,5,14,7,7,9,2,7,1.55,1.95,1.16,9,7,10,9,58,46,12,104,53,51,35,23
Leeds United FC,Leeds United,2022/2023,England,38,19,19,0,7,5,2,10,7,3,21,7,14,0.82,1.16,0.47,19,17,19,19,48,78,-30,126,63,63,26,22
Wolverhampton Wanderers FC,Wolverhampton Wanderers,2022/2023,England,38,19,19,0,11,9,2,8,3,5,19,7,12,1.08,1.58,0.58,13,11,18,13,31,58,-27,89,39,50,19,12
Arsenal FC,Arsenal,2023/2024,England,38,19,19,0,28,15,13,5,2,3,5,2,3,2.34,2.47,2.21,2,3,2,2,91,29,62,120,64,56,48,43
Tottenham Hotspur FC,Tottenham Hotspur,2023/2024,England,38,19,19,0,20,13,7,6,0,6,12,6,6,1.74,2.05,1.42,5,6,5,5,74,61,13,135,65,70,38,36
Manchester City FC,Manchester City,2023/2024,England,38,19,19,0,28,14,14,7,5,2,3,0,3,2.39,2.47,2.32,1,2,1,1,96,34,62,130,67,63,51,45
Crystal Palace FC,Crystal Palace,2023/2024,England,38,19,19,0,13,8,5,10,4,6,15,7,8,1.29,1.47,1.11,10,12,9,10,57,58,-1,115,63,52,37,20
Everton FC,Everton,2023/2024,England,38,19,19,0,13,8,5,9,4,5,16,7,9,1.26,1.47,1.05,16,13,12,12,40,51,-11,91,40,51,22,18
Burnley FC,Burnley,2023/2024,England,38,19,19,0,5,2,3,9,4,5,24,13,11,0.63,0.53,0.74,19,19,18,19,41,78,-37,119,62,57,19,22
AFC Bournemouth,AFC Bournemouth,2023/2024,England,38,19,19,0,13,7,6,9,6,3,16,6,10,1.26,1.42,1.11,12,14,10,13,54,67,-13,121,55,66,27,27
Manchester United FC,Manchester United,2023/2024,England,38,19,19,0,18,10,8,6,3,3,14,6,8,1.58,1.74,1.42,8,8,6,8,57,58,-1,115,59,56,31,26
Liverpool FC,Liverpool,2023/2024,England,38,19,19,0,24,15,9,10,3,7,4,1,3,2.16,2.53,1.79,3,1,3,3,86,41,45,127,66,61,49,37
Chelsea FC,Chelsea,2023/2024,England,38,19,19,0,18,11,7,9,4,5,11,4,7,1.66,1.95,1.37,6,7,7,6,77,63,14,140,70,70,44,33
West Ham United FC,West Ham United,2023/2024,England,38,19,19,0,14,7,7,10,8,2,14,4,10,1.37,1.53,1.21,9,11,8,9,60,74,-14,134,59,75,31,29
Newcastle United FC,Newcastle United,2023/2024,England,38,19,19,0,18,12,6,6,4,2,14,3,11,1.58,2.11,1.05,7,4,11,7,85,62,23,147,71,76,49,36
Aston Villa FC,Aston Villa,2023/2024,England,38,19,19,0,20,12,8,8,4,4,10,3,7,1.79,2.11,1.47,4,5,4,4,76,61,15,137,76,61,48,28
Fulham FC,Fulham,2023/2024,England,38,19,19,0,13,9,4,8,2,6,17,8,9,1.24,1.53,0.95,13,10,15,14,55,61,-6,116,55,61,31,24
Brighton & Hove Albion FC,Brighton & Hove Albion,2023/2024,England,38,19,19,0,12,8,4,12,6,6,14,5,9,1.26,1.58,0.95,11,9,14,11,55,62,-7,117,57,60,30,25
Nottingham Forest FC,Nottingham Forest,2023/2024,England,38,19,19,0,9,5,4,9,5,4,20,9,11,0.95,1.05,0.84,17,17,17,17,49,67,-18,116,57,59,27,22
Brentford FC,Brentford,2023/2024,England,38,19,19,0,10,5,5,9,7,2,19,7,12,1.03,1.16,0.89,15,16,16,16,56,65,-9,121,63,58,29,27
Wolverhampton Wanderers FC,Wolverhampton Wanderers,2023/2024,England,38,19,19,0,13,8,5,7,3,4,18,8,10,1.21,1.42,1.0,14,15,13,15,50,65,-15,115,56,59,26,24
Sheffield United FC,Sheffield United,2023/2024,England,38,19,19,0,3,2,1,7,4,3,28,13,15,0.42,0.53,0.32,20,20,20,20,35,104,-69,139,76,63,19,16
Luton Town FC,Luton Town,2023/2024,England,38,19,19,0,6,4,2,8,4,4,24,11,13,0.68,0.84,0.53,18,18,19,18,52,85,-33,137,65,72,28,24
Villarreal CF,Villarreal,2008/2009,Spain,38,19,19,0,18,12,6,11,3,8,9,4,5,1.71,2.05,1.37,5,5,5,5,61,54,7,115,58,57,33,28
FC Barcelona,FC Barcelona,2008/2009,Spain,38,19,19,0,27,14,13,6,3,3,5,2,3,2.29,2.37,2.21,1,1,1,1,105,35,70,140,75,65,61,44
Real Madrid CF,Real Madrid,2008/2009,Spain,38,19,19,0,25,14,11,3,2,1,10,3,7,2.05,2.32,1.79,2,2,3,2,83,52,31,135,78,57,49,34
Sevilla FC,Sevilla FC,2008/2009,Spain,38,19,19,0,21,11,10,7,2,5,10,6,4,1.84,1.84,1.84,3,8,2,3,54,39,15,93,48,45,28,26
Club Atlético de Madrid,Atlético Madrid,2008/2009,Spain,38,19,19,0,20,13,7,7,1,6,11,5,6,1.76,2.11,1.42,4,3,4,4,80,57,23,137,70,67,47,33
Reial Club Deportiu Espanyol,RCD Espanyol,2008/2009,Spain,38,19,19,0,12,8,4,11,5,6,15,6,9,1.24,1.53,0.95,10,12,11,10,46,49,-3,95,50,45,28,18
Málaga CF,Málaga CF,2008/2009,Spain,38,19,19,0,15,8,7,10,7,3,13,4,9,1.45,1.63,1.26,8,10,6,8,55,59,-4,114,51,63,28,27
Real Betis Balompié,Real Betis,2008/2009,Spain,38,19,19,0,10,4,6,12,8,4,16,7,9,1.11,1.05,1.16,18,19,8,18,51,58,-7,109,49,60,24,27
Athletic Club Bilbao,Athletic Club Bilbao,2008/2009,Spain,38,19,19,0,12,9,3,8,2,6,18,8,10,1.16,1.53,0.79,13,15,16,13,47,62,-15,109,57,52,28,19
Real Club Deportivo de La Coruña,Deportivo La Coruña,2008/2009,Spain,38,19,19,0,16,10,6,10,6,4,12,3,9,1.53,1.89,1.16,7,7,10,7,48,47,1,95,48,47,30,18
CA Osasuna,CA Osasuna,2008/2009,Spain,38,19,19,0,10,8,2,13,5,8,15,6,9,1.13,1.53,0.74,14,14,17,14,41,47,-6,88,49,39,27,14
Valencia CF,Valencia CF,2008/2009,Spain,38,19,19,0,18,12,6,8,4,4,12,3,9,1.63,2.11,1.16,6,4,9,6,68,54,14,122,73,49,47,21
Real Sporting de Gijón,Sporting Gijón,2008/2009,Spain,38,19,19,0,14,8,6,1,1,0,23,10,13,1.13,1.32,0.95,16,17,13,16,47,79,-32,126,61,65,24,23
Getafe Club de Fútbol,Getafe CF,2008/2009,Spain,38,19,19,0,10,7,3,12,4,8,16,8,8,1.11,1.32,0.89,17,16,14,17,50,56,-6,106,50,56,27,23
UD Almería,Almería,2008/2009,Spain,38,19,19,0,13,11,2,7,4,3,18,4,14,1.21,1.95,0.47,12,6,19,12,45,61,-16,106,47,59,27,18
Real Valladolid Club de Fútbol,Real Valladolid,2008/2009,Spain,38,19,19,0,12,8,4,7,5,2,19,6,13,1.13,1.53,0.74,15,13,18,15,46,58,-12,104,39,65,22,24
Real Club Deportivo Mallorca,RCD Mallorca,2008/2009,Spain,38,19,19,0,14,9,5,9,6,3,15,4,11,1.34,1.74,0.95,9,9,12,9,53,60,-7,113,57,56,33,20
CD Numancia de Soria,CD Numancia,2008/2009,Spain,38,19,19,0,10,9,1,5,3,2,23,7,16,0.92,1.58,0.26,19,11,20,19,38,69,-31,107,45,62,23,15
Real Club Recreativo de Huelva,Recreativo de Huelva,2008/2009,Spain,38,19,19,0,8,4,4,9,4,5,21,11,10,0.87,0.84,0.89,20,20,15,20,34,57,-23,91,46,45,17,17
Real Racing Club de Santander,Racing Santander,2008/2009,Spain,38,19,19,0,12,5,7,10,8,2,16,6,10,1.21,1.21,1.21,11,18,7,11,49,48,1,97,50,47,28,21
Villarreal CF,Villarreal,2009/2010,Spain,38,19,19,0,16,13,3,8,3,5,14,3,11,1.47,2.21,0.74,7,5,13,7,58,57,1,115,53,62,35,23
FC Barcelona,FC Barcelona,2009/2010,Spain,38,19,19,0,31,18,13,6,1,5,1,0,1,2.61,2.89,2.32,1,1,1,1,98,24,74,122,68,54,57,41
Real Madrid CF,Real Madrid,2009/2010,Spain,38,19,19,0,31,18,13,3,0,3,4,1,3,2.53,2.84,2.21,2,2,2,2,102,35,67,137,78,59,60,42
Sevilla FC,Sevilla FC,2009/2010,Spain,38,19,19,0,19,10,9,6,6,0,13,3,10,1.66,1.89,1.42,4,8,3,4,65,49,16,114,51,63,33,32
Club Atlético de Madrid,Atlético Madrid,2009/2010,Spain,38,19,19,0,13,11,2,8,3,5,17,5,12,1.24,1.89,0.58,9,9,18,9,57,61,-4,118,61,57,37,20
Reial Club Deportiu Espanyol,RCD Espanyol,2009/2010,Spain,38,19,19,0,11,9,2,11,6,5,16,4,12,1.16,1.74,0.58,11,10,19,11,29,46,-17,75,37,38,20,9
Málaga CF,Málaga CF,2009/2010,Spain,38,19,19,0,7,5,2,16,8,8,15,6,9,0.97,1.21,0.74,17,17,11,17,42,48,-6,90,42,48,21,21
Athletic Club Bilbao,Athletic Club Bilbao,2009/2010,Spain,38,19,19,0,15,11,4,9,4,5,14,4,10,1.42,1.95,0.89,8,7,7,8,50,53,-3,103,58,45,34,16
Real Club Deportivo de La Coruña,Deportivo La Coruña,2009/2010,Spain,38,19,19,0,13,9,4,8,4,4,17,6,11,1.24,1.63,0.84,10,11,9,10,35,49,-14,84,43,41,22,13
CA Osasuna,CA Osasuna,2009/2010,Spain,38,19,19,0,11,7,4,10,8,2,17,4,13,1.13,1.53,0.74,12,14,12,12,37,46,-9,83,37,46,21,16
Valencia CF,Valencia CF,2009/2010,Spain,38,19,19,0,21,13,8,8,5,3,9,1,8,1.87,2.32,1.42,3,4,4,3,59,40,19,99,46,53,34,25
Real Sporting de Gijón,Sporting Gijón,2009/2010,Spain,38,19,19,0,9,7,2,13,7,6,16,5,11,1.05,1.47,0.63,15,15,16,15,36,51,-15,87,38,49,20,16
Getafe Club de Fútbol,Getafe CF,2009/2010,Spain,38,19,19,0,17,11,6,7,4,3,14,4,10,1.53,1.95,1.11,6,6,6,6,58,48,10,106,56,50,34,24
UD Almería,Almería,2009/2010,Spain,38,19,19,0,10,8,2,12,6,6,16,5,11,1.11,1.58,0.63,13,12,15,13,43,55,-12,98,48,50,25,18
Real Valladolid Club de Fútbol,Real Valladolid,2009/2010,Spain,38,19,19,0,7,4,3,15,8,7,16,7,9,0.95,1.05,0.84,18,19,10,18,37,62,-25,99,55,44,23,14
Real Club Deportivo Mallorca,RCD Mallorca,2009/2010,Spain,38,19,19,0,18,15,3,8,1,7,12,3,9,1.63,2.42,0.84,5,3,8,5,59,44,15,103,57,46,42,17
Real Zaragoza,Real Zaragoza,2009/2010,Spain,38,19,19,0,10,7,3,11,6,5,17,6,11,1.08,1.42,0.74,14,16,14,14,46,64,-18,110,50,60,27,19
CD Tenerife,CD Tenerife,2009/2010,Spain,38,19,19,0,9,8,1,9,6,3,20,5,15,0.95,1.58,0.32,19,13,20,19,40,74,-34,114,55,59,26,14
Real Racing Club de Santander,Racing Santander,2009/2010,Spain,38,19,19,0,9,4,5,12,5,7,17,10,7,1.03,0.89,1.16,16,20,5,16,42,59,-17,101,49,52,17,25
Xerez CD,Xerez CD,2009/2010,Spain,38,19,19,0,8,6,2,10,4,6,20,9,11,0.89,1.16,0.63,20,18,17,20,38,66,-28,104,49,55,20,18
Villarreal CF,Villarreal,2010/2011,Spain,38,19,19,0,18,13,5,8,3,5,12,3,9,1.63,2.21,1.05,4,3,8,4,54,44,10,98,47,51,33,21
FC Barcelona,FC Barcelona,2010/2011,Spain,38,19,19,0,30,16,14,6,2,4,2,1,1,2.53,2.63,2.42,1,1,1,1,95,21,74,116,56,60,46,49
Real Madrid CF,Real Madrid,2010/2011,Spain,38,19,19,0,29,16,13,5,1,4,4,2,2,2.42,2.58,2.26,2,2,2,2,102,33,69,135,73,62,61,41
Sevilla FC,Sevilla FC,2010/2011,Spain,38,19,19,0,17,10,7,7,4,3,14,5,9,1.53,1.79,1.26,7,9,5,7,62,61,1,123,62,61,35,27
Club Atlético de Madrid,Atlético Madrid,2010/2011,Spain,38,19,19,0,17,10,7,7,3,4,14,6,8,1.53,1.74,1.32,5,10,4,5,62,53,9,115,55,60,35,27
Reial Club Deportiu Espanyol,RCD Espanyol,2010/2011,Spain,38,19,19,0,15,11,4,4,2,2,19,6,13,1.29,1.84,0.74,8,7,14,8,46,55,-9,101,55,46,33,13
Málaga CF,Málaga CF,2010/2011,Spain,38,19,19,0,13,7,6,7,3,4,18,9,9,1.21,1.26,1.16,11,19,6,11,54,68,-14,122,58,64,29,25
Athletic Club Bilbao,Athletic Club Bilbao,2010/2011,Spain,38,19,19,0,18,12,6,4,1,3,16,6,10,1.53,1.95,1.11,6,4,7,6,59,55,4,114,52,62,32,27
Real Club Deportivo de La Coruña,Deportivo La Coruña,2010/2011,Spain,38,19,19,0,10,8,2,13,6,7,15,5,10,1.13,1.58,0.68,18,16,15,18,31,47,-16,78,41,37,22,9
CA Osasuna,CA Osasuna,2010/2011,Spain,38,19,19,0,13,10,3,8,6,2,17,3,14,1.24,1.89,0.58,9,5,17,9,45,46,-1,91,42,49,28,17
Valencia CF,Valencia CF,2010/2011,Spain,38,19,19,0,21,10,11,8,5,3,9,4,5,1.87,1.84,1.89,3,6,3,3,64,44,20,108,55,53,34,30
Real Sporting de Gijón,Sporting Gijón,2010/2011,Spain,38,19,19,0,11,9,2,14,6,8,13,4,9,1.24,1.74,0.74,10,11,11,10,35,42,-7,77,39,38,23,12
Real Sociedad de Fútbol,Real Sociedad,2010/2011,Spain,38,19,19,0,14,11,3,3,2,1,21,6,15,1.18,1.84,0.53,15,8,19,15,49,66,-17,115,48,67,27,22
Levante UD,Levante UD,2010/2011,Spain,38,19,19,0,12,9,3,9,4,5,17,6,11,1.18,1.63,0.74,13,13,12,13,41,52,-11,93,45,48,25,16
Getafe Club de Fútbol,Getafe CF,2010/2011,Spain,38,19,19,0,12,9,3,8,3,5,18,7,11,1.16,1.58,0.74,16,14,13,16,49,60,-11,109,59,50,33,16
UD Almería,Almería,2010/2011,Spain,38,19,19,0,6,3,3,12,10,2,20,6,14,0.79,1.0,0.58,20,20,18,20,36,70,-34,106,58,48,23,13
Real Club Deportivo Mallorca,RCD Mallorca,2010/2011,Spain,38,19,19,0,12,9,3,8,4,4,18,6,12,1.16,1.63,0.68,17,12,16,17,41,56,-15,97,44,53,25,16
Real Zaragoza,Real Zaragoza,2010/2011,Spain,38,19,19,0,12,9,3,9,3,6,17,7,10,1.18,1.58,0.79,14,17,10,14,40,53,-13,93,53,40,26,14
Real Racing Club de Santander,Racing Santander,2010/2011,Spain,38,19,19,0,12,8,4,10,6,4,16,5,11,1.21,1.58,0.84,12,15,9,12,41,56,-15,97,46,51,25,16
Hércules CF,Hércules CF,2010/2011,Spain,38,19,19,0,9,7,2,8,5,3,21,7,14,0.92,1.37,0.47,19,18,20,19,36,60,-24,96,54,42,27,9
Villarreal CF,Villarreal,2011/2012,Spain,38,19,19,0,9,6,3,14,10,4,15,3,12,1.08,1.47,0.68,18,15,17,18,39,53,-14,92,46,46,26,13
FC Barcelona,FC Barcelona,2011/2012,Spain,38,19,19,0,28,17,11,7,1,6,3,1,2,2.39,2.74,2.05,2,1,2,2,114,29,85,143,84,59,73,41
Real Madrid CF,Real Madrid,2011/2012,Spain,38,19,19,0,32,16,16,4,2,2,2,1,1,2.63,2.63,2.63,1,2,1,1,121,32,89,153,89,64,70,51
Sevilla FC,Sevilla FC,2011/2012,Spain,38,19,19,0,13,9,4,11,4,7,14,6,8,1.32,1.63,1.0,9,12,5,9,48,47,1,95,57,38,32,16
Club Atlético de Madrid,Atlético Madrid,2011/2012,Spain,38,19,19,0,15,11,4,11,5,6,12,3,9,1.47,2.0,0.95,5,4,9,5,53,46,7,99,53,46,36,17
Reial Club Deportiu Espanyol,RCD Espanyol,2011/2012,Spain,38,19,19,0,12,9,3,10,4,6,16,6,10,1.21,1.63,0.79,14,11,14,14,46,56,-10,102,55,47,31,15
Granada CF,Granada CF,2011/2012,Spain,38,19,19,0,12,8,4,6,5,1,20,6,14,1.11,1.53,0.68,17,14,18,17,35,56,-21,91,42,49,22,13
Málaga CF,Málaga CF,2011/2012,Spain,38,19,19,0,17,13,4,7,3,4,14,3,11,1.53,2.21,0.84,4,3,13,4,54,53,1,107,56,51,35,19
Real Betis Balompié,Real Betis,2011/2012,Spain,38,19,19,0,13,7,6,8,7,1,17,5,12,1.24,1.47,1.0,12,16,7,12,47,56,-9,103,53,50,28,19
Athletic Club Bilbao,Athletic Club Bilbao,2011/2012,Spain,38,19,19,0,12,8,4,13,7,6,13,4,9,1.29,1.63,0.95,10,10,8,10,49,52,-3,101,50,51,29,20
CA Osasuna,CA Osasuna,2011/2012,Spain,38,19,19,0,13,10,3,15,6,9,10,3,7,1.42,1.89,0.95,7,7,11,7,44,61,-17,105,45,60,26,18
Valencia CF,Valencia CF,2011/2012,Spain,38,19,19,0,17,11,6,10,4,6,11,4,7,1.61,1.95,1.26,3,5,3,3,59,44,15,103,60,43,40,19
Real Sporting de Gijón,Sporting Gijón,2011/2012,Spain,38,19,19,0,10,7,3,7,4,3,21,8,13,0.97,1.32,0.63,19,19,19,19,42,69,-27,111,50,61,24,18
Real Sociedad de Fútbol,Real Sociedad,2011/2012,Spain,38,19,19,0,12,9,3,11,6,5,15,4,11,1.24,1.74,0.74,11,8,16,11,46,52,-6,98,46,52,29,17
Rayo Vallecano,Rayo Vallecano,2011/2012,Spain,38,19,19,0,13,8,5,4,1,3,21,10,11,1.13,1.32,0.95,15,18,10,15,53,73,-20,126,55,71,29,24
Levante UD,Levante UD,2011/2012,Spain,38,19,19,0,16,11,5,7,3,4,15,5,10,1.45,1.89,1.0,6,6,6,6,54,50,4,104,52,52,33,21
Getafe Club de Fútbol,Getafe CF,2011/2012,Spain,38,19,19,0,12,8,4,11,6,5,15,5,10,1.24,1.58,0.89,13,13,12,13,40,51,-11,91,43,48,24,16
Real Club Deportivo Mallorca,RCD Mallorca,2011/2012,Spain,38,19,19,0,14,9,5,10,5,5,14,5,9,1.37,1.68,1.05,8,9,4,8,42,46,-4,88,36,52,21,21
Real Zaragoza,Real Zaragoza,2011/2012,Spain,38,19,19,0,12,8,4,7,4,3,19,7,12,1.13,1.47,0.79,16,17,15,16,36,61,-25,97,43,54,19,17
Real Racing Club de Santander,Racing Santander,2011/2012,Spain,38,19,19,0,4,3,1,15,7,8,19,9,10,0.71,0.84,0.58,20,20,20,20,28,63,-35,91,35,56,11,17
FC Barcelona,FC Barcelona,2012/2013,Spain,38,19,19,0,32,18,14,4,1,3,2,0,2,2.63,2.89,2.37,1,1,1,1,115,40,75,155,78,77,63,52
Real Madrid CF,Real Madrid,2012/2013,Spain,38,19,19,0,26,17,9,7,2,5,5,0,5,2.24,2.79,1.68,2,2,2,2,103,42,61,145,88,57,67,36
Sevilla FC,Sevilla FC,2012/2013,Spain,38,19,19,0,14,13,1,8,1,7,16,5,11,1.32,2.11,0.53,9,5,18,9,58,54,4,112,62,50,41,17
Club Atlético de Madrid,Atlético Madrid,2012/2013,Spain,38,19,19,0,23,14,9,7,2,5,8,3,5,2.0,2.32,1.68,3,3,3,3,65,31,34,96,54,42,42,23
Reial Club Deportiu Espanyol,RCD Espanyol,2012/2013,Spain,38,19,19,0,11,6,5,11,7,4,16,6,10,1.16,1.32,1.0,13,17,9,13,43,52,-9,95,53,42,25,18
Real Club Celta de Vigo,Celta de Vigo,2012/2013,Spain,38,19,19,0,10,7,3,7,6,1,21,6,15,0.97,1.42,0.53,17,13,19,17,37,52,-15,89,44,45,23,14
Granada CF,Granada CF,2012/2013,Spain,38,19,19,0,11,6,5,9,6,3,18,7,11,1.11,1.26,0.95,15,18,12,15,37,54,-17,91,42,49,21,16
Málaga CF,Málaga CF,2012/2013,Spain,38,19,19,0,16,10,6,9,5,4,13,4,9,1.5,1.84,1.16,6,7,8,6,53,50,3,103,51,52,33,20
Real Betis Balompié,Real Betis,2012/2013,Spain,38,19,19,0,16,9,7,8,5,3,14,5,9,1.47,1.68,1.26,7,8,5,7,57,56,1,113,46,67,28,29
Athletic Club Bilbao,Athletic Club Bilbao,2012/2013,Spain,38,19,19,0,12,8,4,9,3,6,17,8,9,1.18,1.42,0.95,12,14,11,12,44,65,-21,109,49,60,22,22
Real Club Deportivo de La Coruña,Deportivo La Coruña,2012/2013,Spain,38,19,19,0,8,6,2,11,5,6,19,8,11,0.92,1.21,0.63,19,19,17,19,47,70,-23,117,49,68,23,24
CA Osasuna,CA Osasuna,2012/2013,Spain,38,19,19,0,10,7,3,9,5,4,19,7,12,1.03,1.37,0.68,16,15,16,16,33,50,-17,83,29,54,15,18
Valencia CF,Valencia CF,2012/2013,Spain,38,19,19,0,19,13,6,8,3,5,11,3,8,1.71,2.21,1.21,5,4,6,5,67,54,13,121,67,54,42,25
Real Sociedad de Fútbol,Real Sociedad,2012/2013,Spain,38,19,19,0,18,10,8,12,7,5,8,2,6,1.74,1.95,1.53,4,6,4,4,70,49,21,119,63,56,41,29
Rayo Vallecano,Rayo Vallecano,2012/2013,Spain,38,19,19,0,16,9,7,5,3,2,17,7,10,1.39,1.58,1.21,8,10,7,8,50,66,-16,116,56,60,27,23
Levante UD,Levante UD,2012/2013,Spain,38,19,19,0,12,8,4,10,4,6,16,7,9,1.21,1.47,0.95,11,11,10,11,40,57,-17,97,51,46,25,15
Getafe Club de Fútbol,Getafe CF,2012/2013,Spain,38,19,19,0,13,9,4,8,4,4,17,6,11,1.24,1.63,0.84,10,9,14,10,43,57,-14,100,48,52,25,18
Real Valladolid Club de Fútbol,Real Valladolid,2012/2013,Spain,38,19,19,0,11,7,4,10,6,4,17,6,11,1.13,1.42,0.84,14,12,13,14,49,58,-9,107,55,52,29,20
Real Club Deportivo Mallorca,RCD Mallorca,2012/2013,Spain,38,19,19,0,9,7,2,9,5,4,20,7,13,0.95,1.37,0.53,18,16,20,18,43,72,-29,115,56,59,26,17
Real Zaragoza,Real Zaragoza,2012/2013,Spain,38,19,19,0,9,5,4,7,4,3,22,10,12,0.89,1.0,0.79,20,20,15,20,37,62,-25,99,50,49,23,14
Villarreal CF,Villarreal,2013/2014,Spain,38,19,19,0,17,9,8,8,6,2,13,4,9,1.55,1.74,1.37,6,7,5,6,60,44,16,104,57,47,36,24
FC Barcelona,FC Barcelona,2013/2014,Spain,38,19,19,0,27,16,11,6,2,4,5,1,4,2.29,2.63,1.95,2,1,3,2,100,33,67,133,79,54,64,36
Real Madrid CF,Real Madrid,2013/2014,Spain,38,19,19,0,27,16,11,6,1,5,5,2,3,2.29,2.58,2.0,3,2,2,3,104,38,66,142,80,62,63,41
Sevilla FC,Sevilla FC,2013/2014,Spain,38,19,19,0,18,11,7,9,4,5,11,4,7,1.66,1.95,1.37,5,6,6,5,69,52,17,121,61,60,40,29
Club Atlético de Madrid,Atlético Madrid,2013/2014,Spain,38,19,19,0,28,15,13,6,4,2,4,0,4,2.37,2.58,2.16,1,3,1,1,77,26,51,103,59,44,49,28
Reial Club Deportiu Espanyol,RCD Espanyol,2013/2014,Spain,38,19,19,0,11,7,4,9,5,4,18,7,11,1.11,1.37,0.84,13,13,14,13,41,51,-10,92,45,47,23,18
Real Club Celta de Vigo,Celta de Vigo,2013/2014,Spain,38,19,19,0,14,6,8,7,7,0,17,6,11,1.29,1.32,1.26,9,14,7,9,49,54,-5,103,46,57,23,26
Granada CF,Granada CF,2013/2014,Spain,38,19,19,0,12,7,5,5,1,4,21,11,10,1.08,1.16,1.0,15,19,11,15,32,56,-24,88,40,48,18,14
Málaga CF,Málaga CF,2013/2014,Spain,38,19,19,0,12,8,4,9,2,7,17,9,8,1.18,1.37,1.0,11,11,10,11,39,46,-7,85,45,40,24,15
Real Betis Balompié,Real Betis,2013/2014,Spain,38,19,19,0,6,5,1,7,3,4,25,11,14,0.66,0.95,0.37,20,20,20,20,36,78,-42,114,50,64,19,17
Athletic Club Bilbao,Athletic Club Bilbao,2013/2014,Spain,38,19,19,0,20,13,7,10,4,6,8,2,6,1.84,2.26,1.42,4,4,4,4,66,39,27,105,60,45,42,24
CA Osasuna,CA Osasuna,2013/2014,Spain,38,19,19,0,10,6,4,9,5,4,19,8,11,1.03,1.21,0.84,18,18,17,18,32,62,-30,94,45,49,20,12
Valencia CF,Valencia CF,2013/2014,Spain,38,19,19,0,13,10,3,10,3,7,15,6,9,1.29,1.74,0.84,8,8,15,8,51,53,-2,104,59,45,35,16
Real Sociedad de Fútbol,Real Sociedad,2013/2014,Spain,38,19,19,0,16,11,5,11,4,7,11,4,7,1.55,1.95,1.16,7,5,8,7,62,55,7,117,57,60,38,24
Rayo Vallecano,Rayo Vallecano,2013/2014,Spain,38,19,19,0,13,8,5,4,0,4,21,11,10,1.13,1.26,1.0,12,17,12,12,46,80,-34,126,64,62,28,18
Levante UD,Levante UD,2013/2014,Spain,38,19,19,0,12,7,5,12,6,6,14,6,8,1.26,1.42,1.11,10,9,9,10,35,43,-8,78,35,43,19,16
Getafe Club de Fútbol,Getafe CF,2013/2014,Spain,38,19,19,0,11,6,5,9,6,3,18,7,11,1.11,1.26,0.95,14,15,13,14,35,54,-19,89,44,45,20,15
Elche CF,Elche CF,2013/2014,Spain,38,19,19,0,9,6,3,13,8,5,16,5,11,1.05,1.37,0.74,16,12,18,16,30,50,-20,80,25,55,13,17
UD Almería,Almería,2013/2014,Spain,38,19,19,0,11,6,5,7,6,1,20,7,13,1.05,1.26,0.84,17,16,16,17,43,71,-28,114,57,57,26,17
Real Valladolid Club de Fútbol,Real Valladolid,2013/2014,Spain,38,19,19,0,7,6,1,15,9,6,16,4,12,0.95,1.42,0.47,19,10,19,19,38,60,-22,98,37,61,20,18
Villarreal CF,Villarreal,2014/2015,Spain,38,19,19,0,16,12,4,12,1,11,10,6,4,1.58,1.95,1.21,6,6,7,6,48,37,11,85,46,39,29,19
FC Barcelona,FC Barcelona,2014/2015,Spain,38,19,19,0,30,16,14,4,1,3,4,2,2,2.47,2.58,2.37,1,2,1,1,110,21,89,131,75,56,64,46
Real Madrid CF,Real Madrid,2014/2015,Spain,38,19,19,0,30,16,14,2,2,0,6,1,5,2.42,2.63,2.21,2,1,2,2,118,38,80,156,80,76,65,53
Sevilla FC,Sevilla FC,2014/2015,Spain,38,19,19,0,23,13,10,7,5,2,8,1,7,2.0,2.32,1.68,5,5,4,5,71,45,26,116,51,65,38,33
Club Atlético de Madrid,Atlético Madrid,2014/2015,Spain,38,19,19,0,23,14,9,9,3,6,6,2,4,2.05,2.37,1.74,3,4,3,3,67,29,38,96,53,43,42,25
SD Eibar,SD Eibar,2014/2015,Spain,38,19,19,0,9,5,4,8,3,5,21,11,10,0.92,0.95,0.89,16,18,13,16,34,55,-21,89,49,40,20,14
Reial Club Deportiu Espanyol,RCD Espanyol,2014/2015,Spain,38,19,19,0,13,8,5,10,6,4,15,5,10,1.29,1.58,1.0,10,10,12,10,47,51,-4,98,42,56,23,24
Real Club Celta de Vigo,Celta de Vigo,2014/2015,Spain,38,19,19,0,13,8,5,12,5,7,13,6,7,1.34,1.53,1.16,8,11,9,8,47,44,3,91,52,39,30,17
Granada CF,Granada CF,2014/2015,Spain,38,19,19,0,7,4,3,14,10,4,17,5,12,0.92,1.16,0.68,18,15,19,18,29,64,-35,93,30,63,13,16
Málaga CF,Málaga CF,2014/2015,Spain,38,19,19,0,14,8,6,8,6,2,16,5,11,1.32,1.58,1.05,9,9,10,9,42,48,-6,90,46,44,26,16
Athletic Club Bilbao,Athletic Club Bilbao,2014/2015,Spain,38,19,19,0,15,8,7,10,6,4,13,5,8,1.45,1.58,1.32,7,8,6,7,42,41,1,83,48,35,28,14
Real Club Deportivo de La Coruña,Deportivo La Coruña,2014/2015,Spain,38,19,19,0,7,5,2,14,6,8,17,8,9,0.92,1.11,0.74,17,16,16,17,35,60,-25,95,52,43,22,13
Valencia CF,Valencia CF,2014/2015,Spain,38,19,19,0,22,15,7,11,3,8,5,1,4,2.03,2.53,1.53,4,3,5,4,70,32,38,102,52,50,42,28
Real Sociedad de Fútbol,Real Sociedad,2014/2015,Spain,38,19,19,0,11,9,2,13,5,8,14,5,9,1.21,1.68,0.74,12,7,15,12,44,51,-7,95,50,45,29,15
Rayo Vallecano,Rayo Vallecano,2014/2015,Spain,38,19,19,0,15,8,7,4,2,2,19,9,10,1.29,1.37,1.21,11,12,8,11,46,68,-22,114,52,62,26,20
Levante UD,Levante UD,2014/2015,Spain,38,19,19,0,9,6,3,10,6,4,19,7,12,0.97,1.26,0.68,15,13,18,15,34,67,-33,101,50,51,20,14
Getafe Club de Fútbol,Getafe CF,2014/2015,Spain,38,19,19,0,10,6,4,7,5,2,21,8,13,0.97,1.21,0.74,14,14,17,14,33,64,-31,97,38,59,16,17
Córdoba CF,Córdoba,2014/2015,Spain,38,19,19,0,3,1,2,11,6,5,24,12,12,0.53,0.47,0.58,20,20,20,20,22,68,-46,90,45,45,12,10
Elche CF,Elche CF,2014/2015,Spain,38,19,19,0,11,6,5,8,3,5,19,10,9,1.08,1.11,1.05,13,17,11,13,35,62,-27,97,50,47,19,16
UD Almería,Almería,2014/2015,Spain,38,19,19,0,8,3,5,8,7,1,22,9,13,0.84,0.84,0.84,19,19,14,19,35,64,-29,99,48,51,20,15
Villarreal CF,Villarreal,2015/2016,Spain,38,19,19,0,18,12,6,10,4,6,10,3,7,1.68,2.11,1.26,4,5,6,4,44,35,9,79,38,41,26,18
FC Barcelona,FC Barcelona,2015/2016,Spain,38,19,19,0,29,16,13,4,1,3,5,2,3,2.39,2.58,2.21,1,2,1,1,112,29,83,141,81,60,67,45
Real Madrid CF,Real Madrid,2015/2016,Spain,38,19,19,0,28,16,12,6,1,5,4,2,2,2.37,2.58,2.16,2,1,2,2,110,34,76,144,86,58,70,40
Sevilla FC,Sevilla FC,2015/2016,Spain,38,19,19,0,14,14,0,10,1,9,14,4,10,1.37,2.26,0.47,7,4,19,7,51,50,1,101,59,42,38,13
Club Atlético de Madrid,Atlético Madrid,2015/2016,Spain,38,19,19,0,28,15,13,4,3,1,6,1,5,2.32,2.53,2.11,3,3,3,3,63,18,45,81,40,41,33,30
UD Las Palmas,UD Las Palmas,2015/2016,Spain,38,19,19,0,12,8,4,8,5,3,18,6,12,1.16,1.53,0.79,12,10,13,12,45,53,-8,98,42,56,25,20
SD Eibar,SD Eibar,2015/2016,Spain,38,19,19,0,11,8,3,10,5,5,17,6,11,1.13,1.53,0.74,13,11,14,13,49,61,-12,110,48,62,26,23
Reial Club Deportiu Espanyol,RCD Espanyol,2015/2016,Spain,38,19,19,0,12,9,3,7,5,2,19,5,14,1.13,1.68,0.58,14,8,16,14,40,74,-34,114,50,64,22,18
Real Club Celta de Vigo,Celta de Vigo,2015/2016,Spain,38,19,19,0,17,9,8,9,6,3,12,4,8,1.58,1.74,1.42,6,7,4,6,51,59,-8,110,54,56,29,22
Granada CF,Granada CF,2015/2016,Spain,38,19,19,0,10,6,4,9,5,4,19,8,11,1.03,1.21,0.84,17,19,12,17,46,69,-23,115,57,58,26,20
Málaga CF,Málaga CF,2015/2016,Spain,38,19,19,0,12,8,4,12,6,6,14,5,9,1.26,1.58,0.95,8,9,11,8,38,35,3,73,41,32,26,12
Real Betis Balompié,Real Betis,2015/2016,Spain,38,19,19,0,11,6,5,12,6,6,15,7,8,1.18,1.26,1.11,10,18,9,10,34,52,-18,86,40,46,17,17
Athletic Club Bilbao,Athletic Club Bilbao,2015/2016,Spain,38,19,19,0,18,11,7,8,4,4,12,4,8,1.63,1.95,1.32,5,6,5,5,58,45,13,103,52,51,35,23
Real Club Deportivo de La Coruña,Deportivo La Coruña,2015/2016,Spain,38,19,19,0,8,4,4,18,8,10,12,7,5,1.11,1.05,1.16,15,20,8,15,45,61,-16,106,59,47,25,20
Valencia CF,Valencia CF,2015/2016,Spain,38,19,19,0,11,6,5,11,7,4,16,6,10,1.16,1.32,1.0,11,16,10,11,46,48,-2,94,48,46,25,21
Real Sporting de Gijón,Sporting Gijón,2015/2016,Spain,38,19,19,0,10,7,3,9,4,5,19,8,11,1.03,1.32,0.74,16,17,15,16,40,62,-22,102,56,46,28,12
Real Sociedad de Fútbol,Real Sociedad,2015/2016,Spain,38,19,19,0,13,7,6,9,5,4,16,7,9,1.26,1.37,1.16,9,13,7,9,45,48,-3,93,42,51,22,23
Rayo Vallecano,Rayo Vallecano,2015/2016,Spain,38,19,19,0,9,8,1,11,4,7,18,7,11,1.0,1.47,0.53,18,12,18,18,52,73,-21,125,58,67,29,23
Levante UD,Levante UD,2015/2016,Spain,38,19,19,0,8,7,1,8,5,3,22,7,15,0.84,1.37,0.32,20,14,20,20,37,70,-33,107,49,58,23,14
Getafe Club de Fútbol,Getafe CF,2015/2016,Spain,38,19,19,0,9,6,3,9,7,2,20,6,14,0.95,1.32,0.58,19,15,17,19,37,67,-30,104,43,61,23,14
Villarreal CF,Villarreal,2016/2017,Spain,38,19,19,0,19,11,8,10,4,6,9,4,5,1.76,1.95,1.58,5,6,4,5,56,33,23,89,53,36,35,21
FC Barcelona,FC Barcelona,2016/2017,Spain,38,19,19,0,28,15,13,6,3,3,4,1,3,2.37,2.53,2.21,2,1,2,2,116,37,79,153,81,72,64,52
Real Madrid CF,Real Madrid,2016/2017,Spain,38,19,19,0,29,14,15,6,4,2,3,1,2,2.45,2.42,2.47,1,2,1,1,106,41,65,147,68,79,48,58
Sevilla FC,Sevilla FC,2016/2017,Spain,38,19,19,0,21,14,7,9,4,5,8,1,7,1.89,2.42,1.37,4,3,8,4,69,49,20,118,55,63,39,30
Club Atlético de Madrid,Atlético Madrid,2016/2017,Spain,38,19,19,0,23,14,9,9,2,7,6,3,3,2.05,2.32,1.79,3,4,3,3,70,27,43,97,54,43,40,30
UD Las Palmas,UD Las Palmas,2016/2017,Spain,38,19,19,0,10,9,1,9,6,3,19,4,15,1.03,1.74,0.32,14,9,19,14,53,74,-21,127,58,69,33,20
Deportivo Alavés,Deportivo Alavés,2016/2017,Spain,38,19,19,0,14,7,7,13,8,5,11,4,7,1.45,1.53,1.37,9,12,7,9,41,43,-2,84,40,44,19,22
CD Leganés,Leganés,2016/2017,Spain,38,19,19,0,8,5,3,11,6,5,19,8,11,0.92,1.11,0.74,17,17,14,17,36,55,-19,91,45,46,22,14
SD Eibar,SD Eibar,2016/2017,Spain,38,19,19,0,15,10,5,9,3,6,14,6,8,1.42,1.74,1.11,10,8,9,10,56,51,5,107,50,57,29,27
Reial Club Deportiu Espanyol,RCD Espanyol,2016/2017,Spain,38,19,19,0,15,8,7,11,5,6,12,6,6,1.47,1.53,1.42,8,11,6,8,49,50,-1,99,52,47,28,21
Real Club Celta de Vigo,Celta de Vigo,2016/2017,Spain,38,19,19,0,13,9,4,6,2,4,19,8,11,1.18,1.53,0.84,13,13,12,13,53,69,-16,122,62,60,30,23
Granada CF,Granada CF,2016/2017,Spain,38,19,19,0,4,4,0,8,4,4,26,11,15,0.53,0.84,0.21,20,19,20,20,30,82,-52,112,49,63,17,13
Málaga CF,Málaga CF,2016/2017,Spain,38,19,19,0,12,10,2,10,2,8,16,7,9,1.21,1.68,0.74,11,10,13,11,49,55,-6,104,57,47,32,17
Real Betis Balompié,Real Betis,2016/2017,Spain,38,19,19,0,10,6,4,9,7,2,19,6,13,1.03,1.32,0.74,15,16,15,15,41,64,-23,105,46,59,22,19
Athletic Club Bilbao,Athletic Club Bilbao,2016/2017,Spain,38,19,19,0,19,13,6,6,4,2,13,2,11,1.66,2.26,1.05,7,5,10,7,53,43,10,96,54,42,36,17
Real Club Deportivo de La Coruña,Deportivo La Coruña,2016/2017,Spain,38,19,19,0,8,7,1,12,5,7,18,7,11,0.95,1.37,0.53,16,15,17,16,43,61,-18,104,50,54,27,16
CA Osasuna,CA Osasuna,2016/2017,Spain,38,19,19,0,4,2,2,10,7,3,24,10,14,0.58,0.68,0.47,19,20,18,19,40,94,-54,134,62,72,23,17
Valencia CF,Valencia CF,2016/2017,Spain,38,19,19,0,13,8,5,7,4,3,18,7,11,1.21,1.47,0.95,12,14,11,12,56,65,-9,121,64,57,32,24
Real Sporting de Gijón,Sporting Gijón,2016/2017,Spain,38,19,19,0,7,5,2,10,4,6,21,10,11,0.82,1.0,0.63,18,18,16,18,42,72,-30,114,64,50,26,16
Real Sociedad de Fútbol,Real Sociedad,2016/2017,Spain,38,19,19,0,19,10,9,7,5,2,12,4,8,1.68,1.84,1.53,6,7,5,6,59,53,6,112,54,58,30,29
Villarreal CF,Villarreal,2017/2018,Spain,38,19,19,0,18,11,7,7,3,4,13,5,8,1.61,1.89,1.32,5,6,6,5,57,50,7,107,57,50,35,22
FC Barcelona,FC Barcelona,2017/2018,Spain,38,19,19,0,28,16,12,9,3,6,1,0,1,2.45,2.68,2.21,1,1,1,1,99,29,70,128,64,64,53,46
Real Madrid CF,Real Madrid,2017/2018,Spain,38,19,19,0,22,12,10,10,4,6,6,3,3,2.0,2.11,1.89,3,4,3,3,94,44,50,138,74,64,54,40
Sevilla FC,Sevilla FC,2017/2018,Spain,38,19,19,0,17,11,6,7,5,2,14,3,11,1.53,2.0,1.05,7,5,10,7,49,58,-9,107,53,54,31,18
Club Atlético de Madrid,Atlético Madrid,2017/2018,Spain,38,19,19,0,23,12,11,10,6,4,5,1,4,2.08,2.21,1.95,2,2,2,2,58,22,36,80,38,42,30,28
UD Las Palmas,UD Las Palmas,2017/2018,Spain,38,19,19,0,5,4,1,7,2,5,26,13,13,0.58,0.74,0.42,19,20,19,19,24,74,-50,98,53,45,15,9
Deportivo Alavés,Deportivo Alavés,2017/2018,Spain,38,19,19,0,15,9,6,2,1,1,21,9,12,1.24,1.47,1.0,14,14,11,14,40,50,-10,90,44,46,21,19
CD Leganés,Leganés,2017/2018,Spain,38,19,19,0,12,9,3,7,4,3,19,6,13,1.13,1.63,0.63,17,11,17,17,34,51,-17,85,38,47,19,15
SD Eibar,SD Eibar,2017/2018,Spain,38,19,19,0,14,8,6,9,4,5,15,7,8,1.34,1.47,1.21,9,13,9,9,44,50,-6,94,45,49,26,18
Reial Club Deportiu Espanyol,RCD Espanyol,2017/2018,Spain,38,19,19,0,12,8,4,13,6,7,13,5,8,1.29,1.58,1.0,13,12,12,13,36,42,-6,78,36,42,20,16
Real Club Celta de Vigo,Celta de Vigo,2017/2018,Spain,38,19,19,0,13,8,5,10,8,2,15,3,12,1.29,1.68,0.89,12,9,15,12,59,60,-1,119,57,62,34,25
Málaga CF,Málaga CF,2017/2018,Spain,38,19,19,0,5,4,1,5,3,2,28,12,16,0.53,0.79,0.26,20,19,20,20,24,61,-37,85,41,44,14,10
Real Betis Balompié,Real Betis,2017/2018,Spain,38,19,19,0,18,10,8,6,4,2,14,5,9,1.58,1.79,1.37,6,7,5,6,60,61,-1,121,66,55,35,25
Athletic Club Bilbao,Athletic Club Bilbao,2017/2018,Spain,38,19,19,0,10,6,4,13,8,5,15,5,10,1.13,1.37,0.89,16,17,14,16,41,49,-8,90,35,55,19,22
Real Club Deportivo de La Coruña,Deportivo La Coruña,2017/2018,Spain,38,19,19,0,6,4,2,11,6,5,21,9,12,0.76,0.95,0.58,18,18,18,18,38,76,-38,114,55,59,22,16
Valencia CF,Valencia CF,2017/2018,Spain,38,19,19,0,22,13,9,7,3,4,9,3,6,1.92,2.21,1.63,4,3,4,4,65,38,27,103,52,51,36,29
Real Sociedad de Fútbol,Real Sociedad,2017/2018,Spain,38,19,19,0,14,10,4,7,3,4,17,6,11,1.29,1.74,0.84,11,8,16,11,66,59,7,125,76,49,47,19
Levante UD,Levante UD,2017/2018,Spain,38,19,19,0,11,7,4,13,6,7,14,6,8,1.21,1.42,1.0,15,16,13,15,44,58,-14,102,53,49,25,19
Getafe Club de Fútbol,Getafe CF,2017/2018,Spain,38,19,19,0,15,9,6,10,4,6,13,6,7,1.45,1.63,1.26,8,10,7,8,42,33,9,75,39,36,26,16
Girona FC,Girona FC,2017/2018,Spain,38,19,19,0,14,8,6,9,3,6,15,8,7,1.34,1.42,1.26,10,15,8,10,50,59,-9,109,48,61,26,24
Villarreal CF,Villarreal,2018/2019,Spain,38,19,19,0,10,5,5,14,8,6,14,6,8,1.16,1.21,1.11,14,16,8,14,49,52,-3,101,54,47,28,21
FC Barcelona,FC Barcelona,2018/2019,Spain,38,19,19,0,26,15,11,9,3,6,3,1,2,2.29,2.53,2.05,1,1,1,1,90,36,54,126,68,58,51,39
Real Madrid CF,Real Madrid,2018/2019,Spain,38,19,19,0,21,13,8,5,1,4,12,5,7,1.79,2.11,1.47,3,3,4,3,63,46,17,109,47,62,32,31
Sevilla FC,Sevilla FC,2018/2019,Spain,38,19,19,0,17,12,5,8,3,5,13,4,9,1.55,2.05,1.05,5,4,12,5,62,47,15,109,59,50,39,23
Club Atlético de Madrid,Atlético Madrid,2018/2019,Spain,38,19,19,0,22,15,7,10,3,7,6,1,5,2.0,2.53,1.47,2,2,3,2,55,29,26,84,42,42,32,23
Deportivo Alavés,Deportivo Alavés,2018/2019,Spain,38,19,19,0,13,7,6,11,8,3,14,4,10,1.32,1.53,1.11,11,12,11,11,39,50,-11,89,38,51,19,20
CD Leganés,Leganés,2018/2019,Spain,38,19,19,0,11,7,4,12,8,4,15,4,11,1.18,1.53,0.84,13,11,16,13,37,43,-6,80,35,45,19,18
SD Eibar,SD Eibar,2018/2019,Spain,38,19,19,0,11,9,2,14,6,8,13,4,9,1.24,1.74,0.74,12,8,17,12,46,50,-4,96,52,44,31,15
Reial Club Deportiu Espanyol,RCD Espanyol,2018/2019,Spain,38,19,19,0,14,11,3,11,3,8,13,5,8,1.39,1.89,0.89,7,6,15,7,48,50,-2,98,50,48,28,20
Real Club Celta de Vigo,Celta de Vigo,2018/2019,Spain,38,19,19,0,10,8,2,11,5,6,17,6,11,1.08,1.53,0.63,16,10,18,16,53,62,-9,115,56,59,31,22
Real Betis Balompié,Real Betis,2018/2019,Spain,38,19,19,0,14,8,6,8,5,3,16,6,10,1.32,1.53,1.11,10,13,9,10,44,52,-8,96,51,45,25,19
Athletic Club Bilbao,Athletic Club Bilbao,2018/2019,Spain,38,19,19,0,13,9,4,14,8,6,11,2,9,1.39,1.84,0.95,8,7,14,8,41,45,-4,86,45,41,26,15
Valencia CF,Valencia CF,2018/2019,Spain,38,19,19,0,15,7,8,16,10,6,7,2,5,1.61,1.63,1.58,4,9,2,4,51,35,16,86,36,50,24,27
Real Sociedad de Fútbol,Real Sociedad,2018/2019,Spain,38,19,19,0,13,7,6,11,6,5,14,6,8,1.32,1.42,1.21,9,14,6,9,45,46,-1,91,43,48,23,22
Rayo Vallecano,Rayo Vallecano,2018/2019,Spain,38,19,19,0,8,5,3,8,6,2,22,8,14,0.84,1.11,0.58,20,18,20,20,41,70,-29,111,57,54,25,16
Levante UD,Levante UD,2018/2019,Spain,38,19,19,0,11,6,5,11,7,4,16,6,10,1.16,1.32,1.0,15,15,13,15,59,66,-7,125,68,57,34,25
Getafe Club de Fútbol,Getafe CF,2018/2019,Spain,38,19,19,0,15,11,4,14,3,11,9,5,4,1.55,1.89,1.21,6,5,5,6,48,35,13,83,41,42,28,20
Real Valladolid Club de Fútbol,Real Valladolid,2018/2019,Spain,38,19,19,0,10,5,5,11,5,6,17,9,8,1.08,1.05,1.11,17,19,10,17,32,51,-19,83,42,41,16,16
SD Huesca,SD Huesca,2018/2019,Spain,38,19,19,0,7,5,2,12,6,6,19,8,11,0.87,1.11,0.63,19,17,19,19,43,65,-22,108,54,54,24,19
Girona FC,Girona FC,2018/2019,Spain,38,19,19,0,9,3,6,10,6,4,19,10,9,0.97,0.79,1.16,18,20,7,18,37,53,-16,90,45,45,17,20
Villarreal CF,Villarreal,2019/2020,Spain,38,19,19,0,18,9,9,6,5,1,14,5,9,1.58,1.68,1.47,5,7,5,5,63,49,14,112,62,50,37,26
FC Barcelona,FC Barcelona,2019/2020,Spain,38,19,19,0,25,16,9,7,2,5,6,1,5,2.16,2.63,1.68,2,1,3,2,86,38,48,124,68,56,52,34
Real Madrid CF,Real Madrid,2019/2020,Spain,38,19,19,0,26,15,11,9,4,5,3,0,3,2.29,2.58,2.0,1,2,1,1,70,25,45,95,51,44,40,30
Sevilla FC,Sevilla FC,2019/2020,Spain,38,19,19,0,19,10,9,13,7,6,6,2,4,1.84,1.95,1.74,4,5,2,4,54,34,20,88,40,48,26,28
Club Atlético de Madrid,Atlético Madrid,2019/2020,Spain,38,19,19,0,18,12,6,16,6,10,4,1,3,1.84,2.21,1.47,3,3,4,3,51,27,24,78,39,39,28,23
Deportivo Alavés,Deportivo Alavés,2019/2020,Spain,38,19,19,0,10,7,3,9,6,3,19,6,13,1.03,1.42,0.63,16,15,18,16,34,59,-25,93,39,54,20,14
CD Leganés,Leganés,2019/2020,Spain,38,19,19,0,8,5,3,12,5,7,18,9,9,0.95,1.05,0.84,18,19,13,18,30,51,-21,81,43,38,17,13
SD Eibar,SD Eibar,2019/2020,Spain,38,19,19,0,11,8,3,9,3,6,18,8,10,1.11,1.42,0.79,14,16,14,14,39,56,-17,95,50,45,25,14
Reial Club Deportiu Espanyol,RCD Espanyol,2019/2020,Spain,38,19,19,0,5,2,3,10,6,4,23,11,12,0.66,0.63,0.68,20,20,16,20,27,58,-31,85,46,39,15,12
Real Club Celta de Vigo,Celta de Vigo,2019/2020,Spain,38,19,19,0,7,5,2,16,8,8,15,6,9,0.97,1.21,0.74,17,18,15,17,37,49,-12,86,42,44,22,15
Granada CF,Granada CF,2019/2020,Spain,38,19,19,0,16,10,6,8,3,5,14,6,8,1.47,1.74,1.21,7,6,9,7,52,45,7,97,42,55,26,26
Real Betis Balompié,Real Betis,2019/2020,Spain,38,19,19,0,10,9,1,11,4,7,17,6,11,1.08,1.63,0.53,15,11,19,15,48,60,-12,108,61,47,34,14
Athletic Club Bilbao,Athletic Club Bilbao,2019/2020,Spain,38,19,19,0,13,9,4,12,4,8,13,6,7,1.34,1.63,1.05,11,10,10,11,41,38,3,79,35,44,21,20
CA Osasuna,CA Osasuna,2019/2020,Spain,38,19,19,0,13,7,6,13,7,6,12,5,7,1.37,1.47,1.26,10,13,8,10,46,54,-8,100,55,45,26,20
Valencia CF,Valencia CF,2019/2020,Spain,38,19,19,0,14,11,3,11,7,4,13,1,12,1.39,2.11,0.68,9,4,17,9,46,53,-7,99,45,54,29,17
Real Sociedad de Fútbol,Real Sociedad,2019/2020,Spain,38,19,19,0,16,9,7,8,4,4,14,6,8,1.47,1.63,1.32,6,9,6,6,56,48,8,104,53,51,33,23
Levante UD,Levante UD,2019/2020,Spain,38,19,19,0,14,9,5,7,5,2,17,5,12,1.29,1.68,0.89,12,8,12,12,47,53,-6,100,46,54,27,20
Getafe Club de Fútbol,Getafe CF,2019/2020,Spain,38,19,19,0,14,8,6,12,6,6,12,5,7,1.42,1.58,1.26,8,12,7,8,43,37,6,80,45,35,25,18
Real Valladolid Club de Fútbol,Real Valladolid,2019/2020,Spain,38,19,19,0,9,5,4,15,10,5,14,4,10,1.11,1.32,0.89,13,17,11,13,32,43,-11,75,33,42,18,14
Real Club Deportivo Mallorca,RCD Mallorca,2019/2020,Spain,38,19,19,0,9,8,1,6,3,3,23,8,15,0.87,1.42,0.32,19,14,20,19,40,65,-25,105,47,58,25,15
Villarreal CF,Villarreal,2020/2021,Spain,38,19,19,0,15,8,7,13,6,7,10,5,5,1.53,1.58,1.47,7,10,6,7,60,44,16,104,52,52,29,31
FC Barcelona,FC Barcelona,2020/2021,Spain,38,19,19,0,24,11,13,7,5,2,7,3,4,2.08,2.0,2.16,3,4,2,3,85,38,47,123,64,59,44,41
Real Madrid CF,Real Madrid,2020/2021,Spain,38,19,19,0,25,13,12,9,3,6,4,3,1,2.21,2.21,2.21,2,3,1,2,67,28,39,95,46,49,33,34
Sevilla FC,Sevilla FC,2020/2021,Spain,38,19,19,0,24,14,10,5,1,4,9,4,5,2.03,2.26,1.79,4,2,4,4,53,33,20,86,38,48,27,26
Club Atlético de Madrid,Atlético Madrid,2020/2021,Spain,38,19,19,0,26,15,11,8,3,5,4,1,3,2.26,2.53,2.0,1,1,3,1,67,25,42,92,52,40,41,26
Deportivo Alavés,Deportivo Alavés,2020/2021,Spain,38,19,19,0,9,6,3,11,6,5,18,7,11,1.0,1.26,0.74,16,15,17,16,36,57,-21,93,46,47,21,15
SD Eibar,SD Eibar,2020/2021,Spain,38,19,19,0,6,2,4,12,7,5,20,10,10,0.79,0.68,0.89,20,20,12,20,29,52,-23,81,33,48,12,17
Real Club Celta de Vigo,Celta de Vigo,2020/2021,Spain,38,19,19,0,14,9,5,11,3,8,13,7,6,1.39,1.58,1.21,8,11,9,8,55,57,-2,112,60,52,30,25
Granada CF,Granada CF,2020/2021,Spain,38,19,19,0,13,9,4,7,4,3,18,6,12,1.21,1.63,0.79,10,8,15,10,47,65,-18,112,50,62,25,22
Real Betis Balompié,Real Betis,2020/2021,Spain,38,19,19,0,17,10,7,10,5,5,11,4,7,1.61,1.84,1.37,6,5,7,6,50,50,0,100,48,52,27,23
Athletic Club Bilbao,Athletic Club Bilbao,2020/2021,Spain,38,19,19,0,11,8,3,13,6,7,14,5,9,1.21,1.58,0.84,9,9,13,9,46,42,4,88,48,40,29,17
CA Osasuna,CA Osasuna,2020/2021,Spain,38,19,19,0,11,7,4,11,5,6,16,7,9,1.16,1.37,0.95,11,12,10,11,37,48,-11,85,44,41,21,16
Valencia CF,Valencia CF,2020/2021,Spain,38,19,19,0,10,8,2,13,7,6,15,4,11,1.13,1.63,0.63,13,7,19,13,50,53,-3,103,57,46,34,16
Real Sociedad de Fútbol,Real Sociedad,2020/2021,Spain,38,19,19,0,17,9,8,11,6,5,10,4,6,1.63,1.74,1.53,5,6,5,5,59,38,21,97,55,42,34,25
Levante UD,Levante UD,2020/2021,Spain,38,19,19,0,9,5,4,14,9,5,15,5,10,1.08,1.26,0.89,14,14,11,14,46,57,-11,103,57,46,27,19
Getafe Club de Fútbol,Getafe CF,2020/2021,Spain,38,19,19,0,9,6,3,11,6,5,18,7,11,1.0,1.26,0.74,15,13,16,15,28,43,-15,71,28,43,15,13
Elche CF,Elche CF,2020/2021,Spain,38,19,19,0,8,5,3,12,8,4,18,6,12,0.95,1.21,0.68,17,16,18,17,34,55,-21,89,41,48,18,16
Real Valladolid Club de Fútbol,Real Valladolid,2020/2021,Spain,38,19,19,0,5,3,2,16,7,9,17,9,8,0.82,0.84,0.79,19,19,14,19,34,57,-23,91,49,42,19,15
SD Huesca,SD Huesca,2020/2021,Spain,38,19,19,0,7,5,2,13,7,6,18,7,11,0.89,1.16,0.63,18,17,20,18,34,53,-19,87,38,49,17,17
Cádiz CF,Cádiz,2020/2021,Spain,38,19,19,0,11,5,6,11,5,6,16,9,7,1.16,1.05,1.26,12,18,8,12,36,58,-22,94,47,47,17,19
Villarreal CF,Villarreal,2021/2022,Spain,38,19,19,0,16,10,6,11,6,5,11,3,8,1.55,1.89,1.21,7,5,8,7,63,37,26,100,58,42,40,23
FC Barcelona,FC Barcelona,2021/2022,Spain,38,19,19,0,21,12,9,10,2,8,7,5,2,1.92,2.0,1.84,2,4,2,2,68,38,30,106,56,50,37,31
Real Madrid CF,Real Madrid,2021/2022,Spain,38,19,19,0,26,13,13,8,5,3,4,1,3,2.26,2.32,2.21,1,1,1,1,80,31,49,111,57,54,44,36
Sevilla FC,Sevilla FC,2021/2022,Spain,38,19,19,0,18,12,6,16,6,10,4,1,3,1.84,2.21,1.47,4,2,5,4,53,30,23,83,53,30,36,17
Club Atlético de Madrid,Atlético Madrid,2021/2022,Spain,38,19,19,0,21,12,9,8,5,3,9,2,7,1.87,2.16,1.58,3,3,4,3,65,43,22,108,49,59,33,32
Deportivo Alavés,Deportivo Alavés,2021/2022,Spain,38,19,19,0,8,7,1,7,4,3,23,8,15,0.82,1.32,0.32,20,16,20,20,31,65,-34,96,38,58,17,14
Reial Club Deportiu Espanyol,RCD Espanyol,2021/2022,Spain,38,19,19,0,10,9,1,12,6,6,16,4,12,1.11,1.74,0.47,14,8,19,14,40,53,-13,93,44,49,25,15
Real Club Celta de Vigo,Celta de Vigo,2021/2022,Spain,38,19,19,0,12,7,5,10,4,6,16,8,8,1.21,1.32,1.11,11,15,10,11,43,43,0,86,49,37,26,17
Granada CF,Granada CF,2021/2022,Spain,38,19,19,0,8,5,3,14,7,7,16,7,9,1.0,1.16,0.84,18,18,13,18,44,61,-17,105,51,54,22,22
Real Betis Balompié,Real Betis,2021/2022,Spain,38,19,19,0,19,10,9,8,2,6,11,7,4,1.71,1.68,1.74,5,9,3,5,62,40,22,102,56,46,34,28
Athletic Club Bilbao,Athletic Club Bilbao,2021/2022,Spain,38,19,19,0,14,10,4,13,4,9,11,5,6,1.45,1.79,1.11,8,7,11,8,43,36,7,79,47,32,29,14
CA Osasuna,CA Osasuna,2021/2022,Spain,38,19,19,0,12,5,7,11,7,4,15,7,8,1.24,1.16,1.32,10,19,7,10,37,51,-14,88,43,45,17,20
Valencia CF,Valencia CF,2021/2022,Spain,38,19,19,0,11,6,5,15,8,7,12,5,7,1.26,1.37,1.16,9,14,9,9,48,53,-5,101,50,51,26,22
Real Sociedad de Fútbol,Real Sociedad,2021/2022,Spain,38,19,19,0,17,10,7,11,5,6,10,4,6,1.63,1.84,1.42,6,6,6,6,40,37,3,77,25,52,16,24
Rayo Vallecano,Rayo Vallecano,2021/2022,Spain,38,19,19,0,11,8,3,9,5,4,18,6,12,1.11,1.53,0.68,12,10,15,12,39,50,-11,89,48,41,26,13
Levante UD,Levante UD,2021/2022,Spain,38,19,19,0,8,5,3,11,7,4,19,7,12,0.92,1.16,0.68,19,17,16,19,51,76,-25,127,58,69,28,23
Getafe Club de Fútbol,Getafe CF,2021/2022,Spain,38,19,19,0,8,7,1,15,7,8,15,5,10,1.03,1.47,0.58,15,11,18,15,33,41,-8,74,36,38,21,12
Elche CF,Elche CF,2021/2022,Spain,38,19,19,0,11,7,4,9,6,3,18,6,12,1.11,1.42,0.79,13,12,14,13,40,52,-12,92,45,47,24,16
Real Club Deportivo Mallorca,RCD Mallorca,2021/2022,Spain,38,19,19,0,10,7,3,9,6,3,19,6,13,1.03,1.42,0.63,17,13,17,17,36,63,-27,99,45,54,20,16
Cádiz CF,Cádiz,2021/2022,Spain,38,19,19,0,8,3,5,15,9,6,15,7,8,1.03,0.95,1.11,16,20,12,16,35,51,-16,86,43,43,19,16
Villarreal CF,Villarreal,2022/2023,Spain,38,19,19,0,19,12,7,7,3,4,12,4,8,1.68,2.05,1.32,5,4,6,5,59,40,19,99,54,45,36,23
FC Barcelona,FC Barcelona,2022/2023,Spain,38,19,19,0,28,15,13,4,3,1,6,1,5,2.32,2.53,2.11,1,1,1,1,70,20,50,90,41,49,37,33
Real Madrid CF,Real Madrid,2022/2023,Spain,38,19,19,0,24,13,11,6,5,1,8,1,7,2.05,2.32,1.79,2,2,3,2,75,36,39,111,60,51,44,31
Sevilla FC,Sevilla FC,2022/2023,Spain,38,19,19,0,13,7,6,10,5,5,15,7,8,1.29,1.37,1.21,11,18,8,11,47,54,-7,101,49,52,24,23
Club Atlético de Madrid,Atlético Madrid,2022/2023,Spain,38,19,19,0,23,13,10,8,3,5,7,3,4,2.03,2.21,1.84,3,3,2,3,70,33,37,103,56,47,41,29
Reial Club Deportiu Espanyol,RCD Espanyol,2022/2023,Spain,38,19,19,0,8,4,4,13,7,6,17,8,9,0.97,1.0,0.95,19,19,10,19,52,69,-17,121,62,59,27,25
Real Club Celta de Vigo,Celta de Vigo,2022/2023,Spain,38,19,19,0,11,7,4,10,6,4,17,6,11,1.13,1.42,0.84,13,15,13,13,43,53,-10,96,47,49,26,17
Real Betis Balompié,Real Betis,2022/2023,Spain,38,19,19,0,17,9,8,9,5,4,12,5,7,1.58,1.68,1.47,6,10,5,6,46,41,5,87,44,43,26,20
Athletic Club Bilbao,Athletic Club Bilbao,2022/2023,Spain,38,19,19,0,14,8,6,9,3,6,15,8,7,1.34,1.42,1.26,8,14,7,8,47,43,4,90,37,53,22,25
CA Osasuna,CA Osasuna,2022/2023,Spain,38,19,19,0,15,11,4,8,1,7,15,7,8,1.39,1.79,1.0,7,7,9,7,37,42,-5,79,45,34,24,13
Valencia CF,Valencia CF,2022/2023,Spain,38,19,19,0,11,8,3,9,5,4,18,6,12,1.11,1.53,0.68,14,12,17,14,42,45,-3,87,46,41,27,15
Real Sociedad de Fútbol,Real Sociedad,2022/2023,Spain,38,19,19,0,21,11,10,8,5,3,9,3,6,1.87,2.0,1.74,4,5,4,4,51,35,16,86,42,44,26,25
Rayo Vallecano,Rayo Vallecano,2022/2023,Spain,38,19,19,0,13,9,4,10,5,5,15,5,10,1.29,1.68,0.89,12,11,11,12,45,53,-8,98,50,48,28,17
Getafe Club de Fútbol,Getafe CF,2022/2023,Spain,38,19,19,0,10,7,3,12,6,6,16,6,10,1.11,1.42,0.79,15,16,14,15,34,45,-11,79,41,38,21,13
Elche CF,Elche CF,2022/2023,Spain,38,19,19,0,5,3,2,10,6,4,23,10,13,0.66,0.79,0.53,20,20,19,20,30,67,-37,97,47,50,18,12
UD Almería,Almería,2022/2023,Spain,38,19,19,0,11,10,1,8,3,5,19,6,13,1.08,1.74,0.42,17,9,20,17,49,65,-16,114,51,63,29,20
Real Valladolid Club de Fútbol,Real Valladolid,2022/2023,Spain,38,19,19,0,11,8,3,7,4,3,20,7,13,1.05,1.47,0.63,18,13,18,18,33,63,-30,96,46,50,21,12
Real Club Deportivo Mallorca,RCD Mallorca,2022/2023,Spain,38,19,19,0,14,10,4,8,5,3,16,4,12,1.32,1.84,0.79,9,6,15,9,37,43,-6,80,34,46,22,15
Cádiz CF,Cádiz,2022/2023,Spain,38,19,19,0,10,7,3,12,6,6,16,6,10,1.11,1.42,0.79,16,17,16,16,30,53,-23,83,42,41,19,11
Girona FC,Girona FC,2022/2023,Spain,38,19,19,0,13,10,3,10,3,7,15,6,9,1.29,1.74,0.84,10,8,12,10,58,55,3,113,61,52,35,23
Villarreal CF,Villarreal,2023/2024,Spain,38,19,19,0,14,7,7,11,5,6,13,7,6,1.39,1.37,1.42,8,11,6,8,65,65,0,130,68,62,36,29
FC Barcelona,FC Barcelona,2023/2024,Spain,38,19,19,0,26,15,11,7,1,6,5,3,2,2.24,2.42,2.05,2,4,2,2,79,44,35,123,64,59,43,36
Real Madrid CF,Real Madrid,2023/2024,Spain,38,19,19,0,29,16,13,8,3,5,1,0,1,2.5,2.68,2.32,1,1,1,1,87,26,61,113,57,56,48,39
Sevilla FC,Sevilla FC,2023/2024,Spain,38,19,19,0,10,6,4,11,5,6,17,8,9,1.08,1.21,0.95,13,16,11,13,48,54,-6,102,54,48,27,21
Club Atlético de Madrid,Atlético Madrid,2023/2024,Spain,38,19,19,0,24,16,8,4,1,3,10,2,8,2.0,2.58,1.42,4,2,5,4,70,43,27,113,64,49,42,28
UD Las Palmas,UD Las Palmas,2023/2024,Spain,38,19,19,0,10,6,4,10,6,4,18,7,11,1.05,1.26,0.84,16,13,14,16,33,47,-14,80,40,40,20,13
Deportivo Alavés,Deportivo Alavés,2023/2024,Spain,38,19,19,0,12,9,3,10,4,6,16,6,10,1.21,1.63,0.79,10,7,15,10,36,46,-10,82,42,40,23,13
Real Club Celta de Vigo,Celta de Vigo,2023/2024,Spain,38,19,19,0,10,6,4,11,6,5,17,7,10,1.08,1.26,0.89,14,14,13,14,46,57,-11,103,44,59,21,25
Granada CF,Granada CF,2023/2024,Spain,38,19,19,0,4,4,0,9,6,3,25,9,16,0.55,0.95,0.16,20,19,20,20,38,79,-41,117,56,61,24,14
Real Betis Balompié,Real Betis,2023/2024,Spain,38,19,19,0,14,9,5,15,7,8,9,3,6,1.5,1.79,1.21,7,6,8,7,48,45,3,93,46,47,27,21
Athletic Club Bilbao,Athletic Club Bilbao,2023/2024,Spain,38,19,19,0,19,12,7,11,6,5,8,1,7,1.79,2.21,1.37,5,5,7,5,61,37,24,98,60,38,42,19
CA Osasuna,CA Osasuna,2023/2024,Spain,38,19,19,0,12,6,6,9,5,4,17,8,9,1.18,1.21,1.16,11,17,9,11,45,56,-11,101,45,56,19,26
Valencia CF,Valencia CF,2023/2024,Spain,38,19,19,0,13,8,5,10,6,4,15,5,10,1.29,1.58,1.0,9,8,10,9,40,45,-5,85,34,51,20,20
Real Sociedad de Fútbol,Real Sociedad,2023/2024,Spain,38,19,19,0,16,8,8,12,6,6,10,5,5,1.58,1.58,1.58,6,9,4,6,51,39,12,90,46,44,26,25
Rayo Vallecano,Rayo Vallecano,2023/2024,Spain,38,19,19,0,8,4,4,14,8,6,16,7,9,1.0,1.05,0.95,17,18,12,17,29,48,-19,77,44,33,18,11
Getafe Club de Fútbol,Getafe CF,2023/2024,Spain,38,19,19,0,10,8,2,13,5,8,15,6,9,1.13,1.53,0.74,12,10,16,12,42,54,-12,96,42,54,20,22
UD Almería,Almería,2023/2024,Spain,38,19,19,0,3,1,2,12,8,4,23,10,13,0.55,0.58,0.53,19,20,18,19,43,75,-32,118,58,60,22,21
Real Club Deportivo Mallorca,RCD Mallorca,2023/2024,Spain,38,19,19,0,8,6,2,16,8,8,14,5,9,1.05,1.37,0.74,15,12,17,15,33,44,-11,77,33,44,17,16
Cádiz CF,Cádiz,2023/2024,Spain,38,19,19,0,6,5,1,15,9,6,17,5,12,0.87,1.26,0.47,18,15,19,18,26,55,-29,81,35,46,16,10
Girona FC,Girona FC,2023/2024,Spain,38,19,19,0,25,15,10,6,2,4,7,2,5,2.13,2.47,1.79,3,3,3,3,85,46,39,131,73,58,53,32
Celtic FC,Celtic,2009/2010,Scotland,4,2,2,0,1,0,1,0,0,0,3,2,1,0.75,0.0,1.5,0,0,0,54,3,6,-3,9,3,6,0,3
VfB Stuttgart 1893,Stuttgart,2009/2010,Germany,10,5,5,0,3,1,2,5,3,2,2,1,1,1.4,1.2,1.6,2,4,4,17,12,12,0,24,12,12,6,6
FH Hafnarfjördur,FH,2009/2010,Iceland,2,1,1,0,0,0,0,0,0,0,2,1,1,0.0,0.0,0.0,0,5,5,73,0,6,-6,6,4,2,0,0
FC København,København,2009/2010,Denmark,6,3,3,0,4,3,1,1,0,1,1,0,1,2.17,3.0,1.33,0,6,6,19,17,4,13,21,11,10,10,7
Arsenal FC,Arsenal,2009/2010,England,12,6,6,0,7,5,2,2,1,1,3,0,3,1.92,2.67,1.17,1,8,8,4,26,14,12,40,22,18,18,8
FK Sheriff Tiraspol,Sheriff,2009/2010,Moldova,6,3,3,0,2,1,1,2,1,1,2,1,1,1.33,1.33,1.33,0,9,9,28,3,4,-1,7,3,4,1,2
RSC Anderlecht,RSC Anderlecht,2009/2010,Belgium,4,2,2,0,1,1,0,0,0,0,3,1,2,0.75,1.5,0.0,0,10,10,56,8,11,-3,19,9,10,6,2
FC Shakhtar Donetsk,Shakhtar Donetsk,2009/2010,Ukraine,2,1,1,0,0,0,0,2,1,1,0,0,0,1.0,1.0,1.0,0,11,11,59,2,2,0,4,4,0,2,0
AC Sparta Praha,Sparta Praha,2009/2010,Czech Republic,2,1,1,0,1,1,0,0,0,0,1,0,1,1.5,3.0,0.0,0,15,15,49,3,4,-1,7,4,3,3,0
FC BATE Borisov,BATE,2009/2010,Belarus,4,2,2,0,3,2,1,0,0,0,1,0,1,2.25,3.0,1.5,0,16,16,23,6,2,4,8,5,3,4,2
HŠK Zrinjski Mostar,Zrinjski,2009/2010,Bosnia and Herzegovina,2,1,1,0,1,1,0,0,0,0,1,0,1,1.5,3.0,0.0,0,18,18,53,1,4,-3,5,1,4,1,0
FC Salzburg,Salzburg,2009/2010,Austria,6,3,3,0,2,0,2,2,2,0,2,1,1,1.33,0.67,2.0,0,20,20,29,6,8,-2,14,7,7,3,3
F91 Dudelange,F91 Dudelange,2009/2010,Luxembourg,2,1,1,0,0,0,0,0,0,0,2,1,1,0.0,0.0,0.0,0,22,22,72,1,6,-5,7,4,3,1,0
Sporting Clube de Portugal,Sporting CP,2009/2010,Portugal,4,2,2,0,0,0,0,4,2,2,0,0,0,1.0,1.0,1.0,0,24,24,43,4,4,0,8,4,4,2,2
Olympiakos CFP,Olympiakos Piraeus,2009/2010,Greece,12,6,6,0,7,5,2,1,0,1,4,1,3,1.83,2.5,1.17,2,25,25,8,12,8,4,20,9,11,7,5
GNK Dinamo Zagreb,Dinamo Zagreb,2009/2010,Croatia,4,2,2,0,1,1,0,2,0,2,1,1,0,1.25,1.5,1.0,0,27,27,38,5,3,2,8,6,2,4,1
APOEL FC,APOEL,2009/2010,Cyprus,12,6,6,0,4,3,1,3,1,2,5,2,3,1.25,1.67,0.83,3,29,29,11,14,10,4,24,13,11,9,5
Sivasspor,Sivasspor,2009/2010,Turkey,2,1,1,0,1,1,0,0,0,0,1,0,1,1.5,3.0,0.0,0,33,33,55,3,6,-3,9,4,5,3,0
Stabæk Fotball,Stabæk,2009/2010,Norway,4,2,2,0,1,1,0,2,1,1,1,0,1,1.25,2.0,0.5,0,34,34,39,6,4,2,10,4,6,4,2
FC Twente,Twente,2009/2010,Netherlands,2,1,1,0,0,0,0,2,1,1,0,0,0,1.0,1.0,1.0,0,35,35,58,1,1,0,2,2,0,1,0
FC Inter Turku,Inter Turku,2009/2010,Finland,2,1,1,0,0,0,0,0,0,0,2,1,1,0.0,0.0,0.0,0,37,37,69,0,2,-2,2,1,1,0,0
ACF Fiorentina,Fiorentina,2009/2010,Italy,10,5,5,0,6,4,2,2,1,1,2,0,2,2.0,2.6,1.4,1,42,42,9,21,14,7,35,17,18,12,9
Kalmar FF,Kalmar,2009/2010,Sweden,2,1,1,0,1,1,0,0,0,0,1,0,1,1.5,3.0,0.0,0,44,44,47,3,3,0,6,4,2,3,0
Pyunik FC,Pyunik,2009/2010,Armenia,2,1,1,0,0,0,0,1,1,0,1,0,1,0.5,1.0,0.0,0,45,45,67,0,3,-3,3,0,3,0,0
FC Zürich,Zürich,2009/2010,Switzerland,10,5,5,0,4,1,3,1,1,0,5,3,2,1.3,0.8,1.8,4,46,46,20,15,18,-3,33,18,15,7,8
FK Bakı,Bakı,2009/2010,Azerbaijan,4,2,2,0,1,1,0,2,1,1,1,0,1,1.25,2.0,0.5,0,47,47,40,6,6,0,12,6,6,4,2
FK Dinamo Moskva,Dinamo Moskva,2009/2010,Russia,2,1,1,0,1,0,1,0,0,0,1,1,0,1.5,0.0,3.0,0,49,49,48,1,2,-1,3,2,1,0,1
FK Partizan Beograd,Partizan,2009/2010,Serbia,4,2,2,0,3,2,1,0,0,0,1,0,1,2.25,3.0,1.5,0,50,50,22,13,2,11,15,9,6,9,4
Paola Hibernians FC,Hibernians,2009/2010,Malta,2,1,1,0,0,0,0,0,0,0,2,1,1,0.0,0.0,0.0,0,51,51,74,0,6,-6,6,2,4,0,0
Panathinaikos FC,Panathinaikos,2009/2010,Greece,4,2,2,0,1,1,0,0,0,0,3,1,2,0.75,1.5,0.0,0,52,52,52,6,8,-2,14,8,6,5,1
FK Ventspils,Ventspils,2009/2010,Latvia,6,3,3,0,3,2,1,0,0,0,3,1,2,1.5,2.0,1.0,0,53,53,24,9,8,1,17,7,10,4,5
Tallinna FC Levadia,Tallinna FC Levadia,2009/2010,Estonia,4,2,2,0,1,1,0,1,0,1,2,1,1,1.0,1.5,0.5,0,54,54,44,2,3,-1,5,2,3,1,1
NK Maribor,Maribor,2009/2010,Slovenia,4,2,2,0,2,1,1,1,0,1,1,1,0,1.75,1.5,2.0,0,55,55,33,6,6,0,12,7,5,3,3
ŠK Slovan Bratislava,Slovan Bratislava,2009/2010,Slovakia,4,2,2,0,1,1,0,0,0,0,3,1,2,0.75,1.5,0.0,0,56,56,50,4,5,-1,9,6,3,4,0
FK Aktobe,Aktobe,2009/2010,Kazakhstan,4,2,2,0,2,1,1,1,1,0,1,0,1,1.75,2.0,1.5,0,57,57,31,9,4,5,13,2,11,2,7
Debreceni VSC,Debrecen,2009/2010,Hungary,12,6,6,0,5,3,2,0,0,0,7,3,4,1.25,1.5,1.0,4,58,58,13,14,23,-9,37,17,20,8,6
FK Ekranas,Ekranas,2009/2010,Lithuania,2,1,1,0,0,0,0,1,1,0,1,0,1,0.5,1.0,0.0,0,59,59,66,4,6,-2,10,4,6,2,2
EB - Streymur,EB - Streymur,2009/2010,Faroe Islands,2,1,1,0,0,0,0,0,0,0,2,1,1,0.0,0.0,0.0,0,60,60,71,0,5,-5,5,2,3,0,0
SK Slavia Praha,Slavia Praha,2009/2010,Czech Republic,2,1,1,0,0,0,0,2,1,1,0,0,0,1.0,1.0,1.0,0,61,61,57,1,1,0,2,2,0,1,0
Wisła Kraków,Wisła Kraków,2009/2010,Poland,2,1,1,0,0,0,0,1,1,0,1,0,1,0.5,1.0,0.0,0,62,62,64,1,2,-1,3,2,1,1,0
KF Tirana,Tirana,2009/2010,Albania,2,1,1,0,0,0,0,1,1,0,1,0,1,0.5,1.0,0.0,0,63,63,68,1,5,-4,6,2,4,1,0
Bohemian FC,Bohemians,2009/2010,Republic of Ireland,2,1,1,0,0,0,0,1,0,1,1,1,0,0.5,0.0,1.0,0,64,64,63,1,2,-1,3,1,2,0,1
Glentoran FC,Glentoran,2009/2010,Northern Ireland,2,1,1,0,0,0,0,0,0,0,2,1,1,0.0,0.0,0.0,0,65,65,75,0,10,-10,10,4,6,0,0
Rhyl FC,Rhyl,2009/2010,Wales,2,1,1,0,0,0,0,0,0,0,2,1,1,0.0,0.0,0.0,0,66,66,76,0,12,-12,12,4,8,0,0
Maccabi Haifa FC,Maccabi Haifa,2009/2010,Israel,12,6,6,0,5,3,2,1,0,1,6,3,3,1.33,1.5,1.17,4,67,67,10,19,12,7,31,21,10,13,6
UE Sant Julià,Sant Julià,2009/2010,Andorra,4,2,2,0,0,0,0,2,1,1,2,1,1,0.5,0.5,0.5,0,68,68,61,2,11,-9,13,7,6,1,1
PFC Levski Sofia,Levski Sofia,2009/2010,Bulgaria,6,3,3,0,3,2,1,1,0,1,2,1,1,1.67,2.0,1.33,0,69,69,21,12,4,8,16,9,7,7,5
FK Mogren,Mogren,2009/2010,Montenegro,4,2,2,0,2,1,1,0,0,0,2,1,1,1.5,1.5,1.5,0,70,70,37,6,12,-6,18,10,8,4,2
SP Tre Fiori,Tre Fiori,2009/2010,San Marino,2,1,1,0,0,0,0,2,1,1,0,0,0,1.0,1.0,1.0,0,72,72,60,2,2,0,4,2,2,1,1
FC WIT Georgia Tbilisi,WIT Georgia,2009/2010,Georgia,2,1,1,0,0,0,0,1,1,0,1,0,1,0.5,1.0,0.0,0,73,73,65,1,3,-2,4,0,4,0,1
FC Politehnica Timişoara,Politehnica Timişoara,2009/2010,Romania,4,2,2,0,0,0,0,3,1,2,1,1,0,0.75,0.5,1.0,0,75,75,51,2,4,-2,6,2,4,0,2
FC Bayern München,Bayern München,2009/2010,Germany,13,7,6,0,7,4,3,1,1,0,5,2,3,1.69,1.86,1.5,2,2,2,7,21,15,6,36,12,24,6,15
Olympique Lyonnais,Olympique Lyonnais,2009/2010,France,14,7,7,0,8,5,3,2,1,1,4,1,3,1.86,2.29,1.43,2,7,7,2,25,12,13,37,21,16,15,10
FC Porto,Porto,2009/2010,Portugal,8,4,4,0,5,3,2,0,0,0,3,1,2,1.88,2.25,1.5,2,12,12,12,10,9,1,19,9,10,6,4
Juventus FC,Juventus,2009/2010,Italy,6,3,3,0,2,1,1,2,1,1,2,1,1,1.33,1.33,1.33,3,17,17,30,4,7,-3,11,8,3,3,1
Club Atlético de Madrid,Atlético Madrid,2009/2010,Spain,8,4,4,0,2,1,1,3,2,1,3,1,2,1.13,1.25,1.0,4,26,26,26,8,14,-6,22,9,13,4,4
Chelsea FC,Chelsea,2009/2010,England,8,4,4,0,4,2,2,2,1,1,2,1,1,1.75,1.75,1.75,1,32,32,16,12,7,5,19,10,9,7,5
FC Girondins de Bordeaux,Bordeaux,2009/2010,France,10,5,5,0,8,5,3,1,0,1,1,0,1,2.5,3.0,2.0,1,38,38,3,14,6,8,20,10,10,8,6
Olympique de Marseille,Olympique Marseille,2009/2010,France,6,3,3,0,2,1,1,1,0,1,3,2,1,1.17,1.0,1.33,3,39,39,34,10,10,0,20,14,6,8,2
AC Milan,AC Milan,2009/2010,Italy,8,4,4,0,2,0,2,3,2,1,3,2,1,1.13,0.5,1.75,2,40,40,25,10,14,-4,24,10,14,4,6
FK Makedonija Gjorče Petrov,Makedonija GjP,2009/2010,FYR Macedonia,2,1,1,0,0,0,0,0,0,0,2,1,1,0.0,0.0,0.0,0,71,71,70,0,4,-4,4,2,2,0,0
Rangers FC,Rangers,2009/2010,Scotland,6,3,3,0,0,0,0,2,0,2,4,3,1,0.33,0.0,0.67,4,1,1,62,4,13,-9,17,12,5,2,2
VfL Wolfsburg,Wolfsburg,2009/2010,Germany,6,3,3,0,2,1,1,1,1,0,3,1,2,1.17,1.33,1.0,3,3,3,32,9,8,1,17,8,9,4,5
FC Barcelona,FC Barcelona,2009/2010,Spain,12,6,6,0,6,5,1,4,0,4,2,1,1,1.83,2.5,1.17,1,13,13,5,20,10,10,30,17,13,14,6
Real Madrid CF,Real Madrid,2009/2010,Spain,8,4,4,0,4,2,2,2,1,1,2,1,1,1.75,1.75,1.75,1,14,14,14,16,9,7,25,11,14,7,9
Sevilla FC,Sevilla FC,2009/2010,Spain,8,4,4,0,4,2,2,2,1,1,2,1,1,1.75,1.75,1.75,1,19,19,15,13,7,6,20,8,12,5,8
PFK CSKA Moskva,CSKA Moskva,2009/2010,Russia,10,5,5,0,4,2,2,2,1,1,4,2,2,1.4,1.4,1.4,2,21,21,18,13,14,-1,27,10,17,5,8
Beşiktaş,Beşiktaş,2009/2010,Turkey,6,3,3,0,1,0,1,1,0,1,4,3,1,0.67,0.0,1.33,4,23,23,46,3,8,-5,11,7,4,1,2
FC Dynamo Kyiv,Dynamo Kyiv,2009/2010,Ukraine,6,3,3,0,1,1,0,2,0,2,3,2,1,0.83,1.0,0.67,4,28,28,41,7,9,-2,16,10,6,5,2
Manchester United FC,Manchester United,2009/2010,England,10,5,5,0,7,3,4,1,1,0,2,1,1,2.2,2.0,2.4,1,30,30,6,21,12,9,33,19,14,12,9
Liverpool FC,Liverpool,2009/2010,England,6,3,3,0,2,1,1,1,0,1,3,2,1,1.17,1.0,1.33,3,31,31,35,5,7,-2,12,7,5,3,2
Alkmaar Zaanstreek,AZ,2009/2010,Netherlands,6,3,3,0,0,0,0,4,3,1,2,0,2,0.67,1.0,0.33,4,36,36,45,4,8,-4,12,4,8,2,2
FC Internazionale Milano,Inter Milan,2009/2010,Italy,13,6,7,0,8,4,4,3,2,1,2,0,2,2.08,2.33,1.86,2,41,41,1,17,9,8,26,14,12,10,7
Royal Standard de Liège,Standard Liège,2009/2010,Belgium,6,3,3,0,1,1,0,2,1,1,3,1,2,0.83,1.33,0.33,3,43,43,42,7,9,-2,16,9,7,5,2
FK Rubin Kazan,Rubin Kazan,2009/2010,Russia,6,3,3,0,1,0,1,3,3,0,2,0,2,1.0,1.0,1.0,3,48,48,36,4,7,-3,11,2,9,1,3
FC Unirea Urziceni,FC Unirea Urziceni,2009/2010,Romania,6,3,3,0,2,1,1,2,2,0,2,0,2,1.33,1.67,1.0,3,74,74,27,8,8,0,16,5,11,3,5
Celtic FC,Celtic,2010/2011,Scotland,2,1,1,0,1,1,0,0,0,0,1,0,1,1.5,3.0,0.0,0,0,0,54,2,4,-2,6,3,3,2,0
Rangers FC,Rangers,2010/2011,Scotland,6,3,3,0,1,1,0,3,1,2,2,1,1,1.0,1.33,0.67,3,1,1,40,3,6,-3,9,4,5,2,1
FC Schalke 04,Schalke 04,2010/2011,Germany,12,6,6,0,7,5,2,2,0,2,3,1,2,1.92,2.5,1.33,1,2,2,4,22,14,8,36,18,18,13,9
SV Werder Bremen,Werder Bremen,2010/2011,Germany,8,4,4,0,2,2,0,2,1,1,4,1,3,1.0,1.75,0.25,4,3,3,29,11,16,-5,27,13,14,8,3
FC Bayern München,Bayern München,2010/2011,Germany,8,4,4,0,6,3,3,0,0,0,2,1,1,2.25,2.25,2.25,1,4,4,7,19,9,10,28,15,13,10,9
FH Hafnarfjördur,FH,2010/2011,Iceland,2,1,1,0,0,0,0,0,0,0,2,1,1,0.0,0.0,0.0,0,5,5,73,1,6,-5,7,1,6,0,1
FC København,København,2010/2011,Denmark,12,6,6,0,5,4,1,3,1,2,4,1,3,1.5,2.17,0.83,2,6,6,11,12,11,1,23,15,8,9,3
Olympique Lyonnais,Olympique Lyonnais,2010/2011,France,8,4,4,0,3,2,1,2,2,0,3,0,3,1.38,2.0,0.75,2,7,7,22,12,14,-2,26,9,17,6,6
Arsenal FC,Arsenal,2010/2011,England,8,4,4,0,5,4,1,0,0,0,3,0,3,1.88,3.0,0.75,2,8,8,13,21,11,10,32,19,13,16,5
FK Sheriff Tiraspol,Sheriff,2010/2011,Moldova,6,3,3,0,1,1,0,2,1,1,3,1,2,0.83,1.33,0.33,0,9,9,44,5,8,-3,13,9,4,4,1
RSC Anderlecht,RSC Anderlecht,2010/2011,Belgium,4,2,2,0,2,1,1,2,1,1,0,0,0,2.0,2.0,2.0,0,10,10,28,10,5,5,15,7,8,5,5
Don Denis FC Santa Coloma,FC Santa Coloma,2010/2011,Andorra,2,1,1,0,0,0,0,0,0,0,2,1,1,0.0,0.0,0.0,0,11,11,70,3,7,-4,10,3,7,0,3
The New Saints FC,The New Saints,2010/2011,Wales,4,2,2,0,1,1,0,0,0,0,3,1,2,0.75,1.5,0.0,0,12,12,55,5,7,-2,12,8,4,5,0
Rosenborg BK,Rosenborg,2010/2011,Norway,6,3,3,0,4,3,1,1,0,1,1,0,1,2.17,3.0,1.33,0,13,13,16,8,2,6,10,8,2,7,1
SL Benfica,Benfica,2010/2011,Portugal,6,3,3,0,2,2,0,0,0,0,4,1,3,1.0,2.0,0.0,3,14,14,41,7,12,-5,19,12,7,7,0
FC Basel 1893,Basel,2010/2011,Switzerland,10,5,5,0,6,3,3,0,0,0,4,2,2,1.8,1.8,1.8,3,15,15,9,17,12,5,29,14,15,8,9
FC Shakhtar Donetsk,Shakhtar Donetsk,2010/2011,Ukraine,10,5,5,0,7,4,3,0,0,0,3,1,2,2.1,2.4,1.8,1,16,16,5,19,14,5,33,10,23,8,11
FC Barcelona,FC Barcelona,2010/2011,Spain,13,7,6,0,9,6,3,3,1,2,1,0,1,2.31,2.71,1.83,1,17,17,1,30,9,21,39,26,13,21,9
Real Madrid CF,Real Madrid,2010/2011,Spain,12,6,6,0,8,5,3,3,0,3,1,1,0,2.25,2.5,2.0,1,18,18,3,25,6,19,31,17,14,15,10
AC Sparta Praha,Sparta Praha,2010/2011,Czech Republic,6,3,3,0,4,2,2,0,0,0,2,1,1,2.0,2.0,2.0,0,19,19,21,7,3,4,10,5,5,3,4
FC BATE Borisov,BATE,2010/2011,Belarus,4,2,2,0,2,1,1,1,1,0,1,0,1,1.75,2.0,1.5,0,20,20,30,8,4,4,12,6,6,5,3
Tottenham Hotspur FC,Tottenham Hotspur,2010/2011,England,12,6,6,0,5,4,1,3,1,2,4,1,3,1.5,2.17,0.83,1,21,21,8,25,19,6,44,17,27,14,11
BSC Young Boys,Young Boys,2010/2011,Switzerland,4,2,2,0,2,1,1,1,1,0,1,0,1,1.75,2.0,1.5,0,22,22,36,6,8,-2,14,9,5,5,1
Sevilla FC,Sevilla FC,2010/2011,Spain,2,1,1,0,0,0,0,0,0,0,2,1,1,0.0,0.0,0.0,0,23,23,68,3,5,-2,8,7,1,3,0
FC Salzburg,Salzburg,2010/2011,Austria,6,3,3,0,2,2,0,2,0,2,2,1,1,1.33,2.0,0.67,0,24,24,27,13,7,6,20,15,5,11,2
Fenerbahçe,Fenerbahçe,2010/2011,Turkey,2,1,1,0,0,0,0,1,0,1,1,1,0,0.5,0.0,1.0,0,25,25,63,2,3,-1,5,1,4,0,2
PAOK Thessaloniki FC,PAOK,2010/2011,Greece,2,1,1,0,0,0,0,2,1,1,0,0,0,1.0,1.0,1.0,0,26,26,59,4,4,0,8,6,2,3,1
AS Roma,Roma,2010/2011,Italy,8,4,4,0,3,2,1,1,0,1,4,2,2,1.25,1.5,1.0,2,27,27,23,12,17,-5,29,17,12,8,4
AFC Ajax,Ajax,2010/2011,Netherlands,10,5,5,0,3,2,1,4,2,2,3,1,2,1.3,1.6,1.0,3,28,28,17,13,16,-3,29,14,15,6,7
GNK Dinamo Zagreb,Dinamo Zagreb,2010/2011,Croatia,4,2,2,0,1,1,0,2,1,1,1,0,1,1.25,2.0,0.5,0,29,29,43,7,6,1,13,8,5,6,1
FC Dynamo Kyiv,Dynamo Kyiv,2010/2011,Ukraine,4,2,2,0,2,1,1,1,1,0,1,0,1,1.75,2.0,1.5,0,30,30,31,8,4,4,12,5,7,4,4
Manchester United FC,Manchester United,2010/2011,England,13,6,7,0,9,4,5,3,2,1,1,0,1,2.31,2.33,2.29,1,31,31,2,19,7,12,26,14,12,10,9
Chelsea FC,Chelsea,2010/2011,England,10,5,5,0,6,3,3,1,1,0,3,1,2,1.9,2.0,1.8,1,32,32,6,17,7,10,24,11,13,8,9
Sporting Braga,Sporting Braga,2010/2011,Portugal,10,5,5,0,6,4,2,0,0,0,4,1,3,1.8,2.4,1.2,3,33,33,12,14,16,-2,30,11,19,8,6
Bursaspor,Bursaspor,2010/2011,Turkey,6,3,3,0,0,0,0,1,1,0,5,2,3,0.17,0.33,0.0,4,34,34,67,2,16,-14,18,9,9,1,1
Valencia CF,Valencia CF,2010/2011,Spain,8,4,4,0,3,2,1,3,1,2,2,1,1,1.5,1.75,1.25,2,35,35,20,17,8,9,25,13,12,10,7
FC Twente,Twente,2010/2011,Netherlands,6,3,3,0,1,0,1,3,3,0,2,0,2,1.0,1.0,1.0,3,36,36,39,9,11,-2,20,12,8,6,3
Helsingin Jalkapalloklubi,HJK,2010/2011,Finland,4,2,2,0,1,1,0,0,0,0,3,1,2,0.75,1.5,0.0,0,37,37,57,3,6,-3,9,5,4,3,0
Olympique de Marseille,Olympique Marseille,2010/2011,France,8,4,4,0,4,2,2,1,1,0,3,1,2,1.63,1.75,1.5,2,38,38,15,13,5,8,18,3,15,2,11
AC Milan,AC Milan,2010/2011,Italy,8,4,4,0,2,1,1,3,1,2,3,2,1,1.13,1.0,1.25,2,39,39,25,7,8,-1,15,9,6,4,3
UC Sampdoria,Sampdoria,2010/2011,Italy,2,1,1,0,1,1,0,0,0,0,1,0,1,1.5,3.0,0.0,0,40,40,52,4,5,-1,9,5,4,3,1
FC Internazionale Milano,Inter Milan,2010/2011,Italy,10,5,5,0,4,3,1,1,0,1,5,2,3,1.3,1.8,0.8,2,41,41,18,18,21,-3,39,20,19,11,7
Association Jeunesse Auxerroise,Auxerre,2010/2011,France,8,4,4,0,2,2,0,0,0,0,6,2,4,0.75,1.5,0.0,4,42,42,42,5,13,-8,18,8,10,4,1
KAA Gent,KAA Gent,2010/2011,Belgium,2,1,1,0,0,0,0,0,0,0,2,1,1,0.0,0.0,0.0,0,43,43,74,1,6,-5,7,4,3,1,0
AIK Fotboll,AIK,2010/2011,Sweden,4,2,2,0,1,1,0,1,0,1,2,1,1,1.0,1.5,0.5,0,44,44,45,1,4,-3,5,2,3,1,0
Pyunik FC,Pyunik,2010/2011,Armenia,2,1,1,0,0,0,0,0,0,0,2,1,1,0.0,0.0,0.0,0,45,45,69,1,4,-3,5,1,4,0,1
FC İnter Bakı,İnter Bakı,2010/2011,Azerbaijan,2,1,1,0,1,0,1,0,0,0,1,1,0,1.5,0.0,3.0,0,46,46,48,1,1,0,2,1,1,0,1
FK Zenit St. Petersburg,Zenit,2010/2011,Russia,4,2,2,0,2,2,0,1,0,1,1,0,1,1.75,3.0,0.5,0,47,47,35,2,2,0,4,2,2,2,0
FK Spartak Moskva,Spartak Moskva,2010/2011,Russia,6,3,3,0,3,1,2,0,0,0,3,2,1,1.5,1.0,2.0,3,48,48,26,7,10,-3,17,8,9,3,4
FK Rubin Kazan,Rubin Kazan,2010/2011,Russia,6,3,3,0,1,1,0,3,2,1,2,0,2,1.0,1.67,0.33,3,49,49,38,2,4,-2,6,3,3,2,0
FK Partizan Beograd,Partizan,2010/2011,Serbia,12,6,6,0,4,2,2,2,1,1,6,3,3,1.17,1.17,1.17,4,50,50,14,15,19,-4,34,19,15,9,6
Panathinaikos FC,Panathinaikos,2010/2011,Greece,6,3,3,0,0,0,0,2,1,1,4,2,2,0.33,0.33,0.33,4,51,51,60,2,13,-11,15,5,10,0,2
KKS Lech Poznań,Lech Poznań,2010/2011,Poland,4,2,2,0,1,0,1,0,0,0,3,2,1,0.75,0.0,1.5,0,52,52,53,1,3,-2,4,2,2,0,1
Tallinna FC Levadia,Tallinna FC Levadia,2010/2011,Estonia,2,1,1,0,0,0,0,1,1,0,1,0,1,0.5,1.0,0.0,0,53,53,64,3,4,-1,7,2,5,1,2
FK Rudar Pljevlja,Rudar,2010/2011,Montenegro,4,2,2,0,2,1,1,0,0,0,2,1,1,1.5,1.5,1.5,0,54,54,37,7,6,1,13,9,4,4,3
FK Aktobe,Aktobe,2010/2011,Kazakhstan,4,2,2,0,2,2,0,1,0,1,1,0,1,1.75,3.0,0.5,0,55,55,34,5,4,1,9,3,6,3,2
Debreceni VSC,Debrecen,2010/2011,Hungary,4,2,2,0,1,1,0,1,0,1,2,1,1,1.0,1.5,0.5,0,56,56,46,5,8,-3,13,7,6,3,2
HB Tórshavn,HB,2010/2011,Faroe Islands,2,1,1,0,1,1,0,0,0,0,1,0,1,1.5,3.0,0.0,0,57,57,58,1,5,-4,6,1,5,1,0
Birkirkara FC,Birkirkara,2010/2011,Malta,4,2,2,0,3,2,1,0,0,0,1,0,1,2.25,3.0,1.5,0,58,58,24,8,6,2,14,8,6,5,3
FK Ekranas,Ekranas,2010/2011,Lithuania,2,1,1,0,1,1,0,0,0,0,1,0,1,1.5,3.0,0.0,0,59,59,49,1,2,-1,3,1,2,1,0
FK Željezničar Sarajevo,Željezničar,2010/2011,Bosnia and Herzegovina,2,1,1,0,0,0,0,0,0,0,2,1,1,0.0,0.0,0.0,0,60,60,75,0,6,-6,6,1,5,0,0
FK Liepājas Metalurgs,Liepājas Metalurgs,2010/2011,Latvia,2,1,1,0,0,0,0,0,0,0,2,1,1,0.0,0.0,0.0,0,61,61,71,0,5,-5,5,3,2,0,0
Linfield FC,Linfield,2010/2011,Northern Ireland,2,1,1,0,0,0,0,1,1,0,1,0,1,0.5,1.0,0.0,0,62,62,65,0,2,-2,2,0,2,0,0
MŠK Žilina,Žilina,2010/2011,Slovakia,12,6,6,0,4,3,1,1,0,1,7,3,4,1.08,1.5,0.67,4,63,63,19,13,22,-9,35,23,12,9,4
KS Dinamo Tirana,Dinamo Tirana,2010/2011,Albania,2,1,1,0,1,1,0,0,0,0,1,0,1,1.5,3.0,0.0,0,64,64,50,2,3,-1,5,1,4,1,1
FC Koper,Koper,2010/2011,Slovenia,2,1,1,0,1,1,0,0,0,0,1,0,1,1.5,3.0,0.0,0,65,65,51,4,5,-1,9,3,6,3,1
Bohemian FC,Bohemians,2010/2011,Republic of Ireland,2,1,1,0,1,1,0,0,0,0,1,0,1,1.5,3.0,0.0,0,66,66,56,1,4,-3,5,1,4,1,0
Hapoel Tel Aviv FC,Hapoel Tel Aviv,2010/2011,Israel,12,6,6,0,5,3,2,3,2,1,4,1,3,1.5,1.83,1.17,4,67,67,10,20,15,5,35,18,17,13,7
PFK Litex Lovech,Lovech,2010/2011,Bulgaria,4,2,2,0,2,1,1,1,1,0,1,0,1,1.75,2.0,1.5,0,68,68,32,7,4,3,11,3,8,2,5
AC Omonia Nicosia,Omonia Nicosia,2010/2011,Cyprus,4,2,2,0,2,1,1,1,1,0,1,0,1,1.75,2.0,1.5,0,69,69,33,7,5,2,12,5,7,4,3
AS la Jeunesse d'Esch,Jeunesse d'Esch,2010/2011,Luxembourg,2,1,1,0,0,0,0,1,1,0,1,0,1,0.5,1.0,0.0,0,70,70,62,0,1,-1,1,0,1,0,0
SCS CFR 1907 Cluj,CFR Cluj,2010/2011,Romania,6,3,3,0,1,1,0,1,1,0,4,1,3,0.67,1.33,0.0,4,71,71,47,6,12,-6,18,9,9,3,3
FK Renova,Renova,2010/2011,FYR Macedonia,2,1,1,0,0,0,0,0,0,0,2,1,1,0.0,0.0,0.0,0,72,72,72,0,5,-5,5,2,3,0,0
SP Tre Fiori,Tre Fiori,2010/2011,San Marino,2,1,1,0,0,0,0,0,0,0,2,1,1,0.0,0.0,0.0,0,73,73,76,1,7,-6,8,3,5,0,1
FC Unirea Urziceni,FC Unirea Urziceni,2010/2011,Romania,2,1,1,0,0,0,0,1,1,0,1,0,1,0.5,1.0,0.0,0,74,74,61,0,1,-1,1,0,1,0,0
FC Metalurgi Rustavi,Metalurgi Rustavi,2010/2011,Georgia,2,1,1,0,0,0,0,1,1,0,1,0,1,0.5,1.0,0.0,0,75,75,66,1,3,-2,4,2,2,1,0
Don Denis FC Santa Coloma,FC Santa Coloma,2011/2012,Andorra,2,1,1,0,0,0,0,0,0,0,2,1,1,0.0,0.0,0.0,0,7,7,68,0,4,-4,4,2,2,0,0
Rosenborg BK,Rosenborg,2011/2012,Norway,4,2,2,0,1,1,0,0,0,0,3,1,2,0.75,1.5,0.0,0,8,8,50,7,6,1,13,6,7,5,2
FC Viktoria Plzeň,Viktoria Plzeň,2011/2012,Czech Republic,12,6,6,0,7,3,4,2,2,0,3,1,2,1.92,1.83,2.0,3,11,11,7,22,16,6,38,24,14,13,9
FC BATE Borisov,BATE,2011/2012,Belarus,12,6,6,0,3,2,1,5,2,3,4,2,2,1.17,1.33,1.0,4,18,18,13,11,17,-6,28,16,12,7,4
Tallinna FC Flora,Tallinna FC Flora,2011/2012,Estonia,2,1,1,0,0,0,0,1,1,0,1,0,1,0.5,1.0,0.0,0,19,19,56,0,1,-1,1,0,1,0,0
F91 Dudelange,F91 Dudelange,2011/2012,Luxembourg,4,2,2,0,2,1,1,0,0,0,2,1,1,1.5,1.5,1.5,0,22,22,40,5,5,0,10,6,4,3,2
Valletta FC,Valletta,2011/2012,Malta,4,2,2,0,2,1,1,0,0,0,2,1,1,1.5,1.5,1.5,0,24,24,38,7,5,2,12,8,4,4,3
GNK Dinamo Zagreb,Dinamo Zagreb,2011/2012,Croatia,12,6,6,0,4,3,1,1,0,1,7,3,4,1.08,1.5,0.67,4,26,26,17,13,26,-13,39,20,19,9,4
APOEL FC,APOEL,2011/2012,Cyprus,16,8,8,0,7,5,2,4,1,3,5,2,3,1.56,2.0,1.13,2,28,28,5,20,17,3,37,20,17,12,8
Helsingin Jalkapalloklubi,HJK,2011/2012,Finland,4,2,2,0,2,1,1,0,0,0,2,1,1,1.5,1.5,1.5,0,34,34,37,14,3,11,17,13,4,11,3
SK Sturm Graz,Sturm Graz,2011/2012,Austria,6,3,3,0,2,2,0,2,0,2,2,1,1,1.33,2.0,0.67,0,42,42,30,7,7,0,14,5,9,3,4
Malmö FF,Malmö FF,2011/2012,Sweden,6,3,3,0,3,2,1,2,1,1,1,0,1,1.83,2.33,1.33,0,43,43,19,8,6,2,14,6,8,5,3
Pyunik FC,Pyunik,2011/2012,Armenia,2,1,1,0,0,0,0,0,0,0,2,1,1,0.0,0.0,0.0,0,44,44,73,1,9,-8,10,4,6,0,1
Neftçi PFC Bakı,Neftçi,2011/2012,Azerbaijan,2,1,1,0,0,0,0,1,1,0,1,0,1,0.5,1.0,0.0,0,46,46,64,0,3,-3,3,0,3,0,0
FK Partizan Beograd,Partizan,2011/2012,Serbia,4,2,2,0,2,1,1,1,1,0,1,0,1,1.75,2.0,1.5,0,49,49,32,7,3,4,10,6,4,5,2
Videoton FC Fehérvár,Videoton,2011/2012,Hungary,2,1,1,0,1,1,0,0,0,0,1,0,1,1.5,3.0,0.0,0,51,51,52,3,4,-1,7,5,2,3,0
NK Maribor,Maribor,2011/2012,Slovenia,4,2,2,0,2,1,1,1,1,0,1,0,1,1.75,2.0,1.5,0,52,52,33,7,4,3,11,4,7,3,4
KS Skënderbeu Korçë,Skënderbeu Korçë,2011/2012,Albania,2,1,1,0,0,0,0,0,0,0,2,1,1,0.0,0.0,0.0,0,53,53,72,0,6,-6,6,2,4,0,0
ŠK Slovan Bratislava,Slovan Bratislava,2011/2012,Slovakia,4,2,2,0,1,1,0,2,0,2,1,1,0,1.25,1.5,1.0,0,54,54,43,3,3,0,6,4,2,2,1
HB Tórshavn,HB,2011/2012,Faroe Islands,2,1,1,0,0,0,0,1,1,0,1,0,1,0.5,1.0,0.0,0,55,55,61,1,3,-2,4,2,2,1,0
FK Ekranas,Ekranas,2011/2012,Lithuania,4,2,2,0,2,1,1,1,1,0,1,0,1,1.75,2.0,1.5,0,56,56,35,5,5,0,10,1,9,1,4
Skonto FC,Skonto,2011/2012,Latvia,2,1,1,0,0,0,0,0,0,0,2,1,1,0.0,0.0,0.0,0,57,57,66,0,3,-3,3,1,2,0,0
Linfield FC,Linfield,2011/2012,Northern Ireland,2,1,1,0,0,0,0,1,1,0,1,0,1,0.5,1.0,0.0,0,58,58,62,1,3,-2,4,2,2,1,0
Wisła Kraków,Wisła Kraków,2011/2012,Poland,6,3,3,0,5,3,2,0,0,0,1,0,1,2.5,3.0,2.0,0,59,59,9,10,5,5,15,7,8,6,4
Shamrock Rovers FC,Shamrock Rovers,2011/2012,Republic of Ireland,4,2,2,0,1,1,0,1,0,1,2,1,1,1.0,1.5,0.5,0,60,60,47,1,3,-2,4,3,1,1,0
Bangor City FC,Bangor City,2011/2012,Wales,2,1,1,0,0,0,0,0,0,0,2,1,1,0.0,0.0,0.0,0,61,61,75,0,13,-13,13,3,10,0,0
Maccabi Haifa FC,Maccabi Haifa,2011/2012,Israel,6,3,3,0,3,3,0,1,0,1,2,0,2,1.67,3.0,0.33,0,62,62,20,13,9,4,22,12,10,9,4
FK Borac Banja Luka,Borac Banja Luka,2011/2012,Bosnia and Herzegovina,2,1,1,0,1,1,0,0,0,0,1,0,1,1.5,3.0,0.0,0,64,64,54,4,7,-3,11,5,6,3,1
PFK Litex Lovech,Lovech,2011/2012,Bulgaria,4,2,2,0,2,1,1,0,0,0,2,1,1,1.5,1.5,1.5,0,65,65,39,7,6,1,13,6,7,4,3
Breidablik UBK,Breidablik,2011/2012,Iceland,2,1,1,0,1,1,0,0,0,0,1,0,1,1.5,3.0,0.0,0,66,66,53,2,5,-3,7,2,5,2,0
FC Dacia Chişinău,Dacia,2011/2012,Moldova,2,1,1,0,1,1,0,0,0,0,1,0,1,1.5,3.0,0.0,0,67,67,51,2,3,-1,5,2,3,2,0
KF Shkendija,Shkendija,2011/2012,FYR Macedonia,2,1,1,0,0,0,0,0,0,0,2,1,1,0.0,0.0,0.0,0,68,68,71,0,5,-5,5,1,4,0,0
FK Mogren,Mogren,2011/2012,Montenegro,2,1,1,0,0,0,0,0,0,0,2,1,1,0.0,0.0,0.0,0,71,71,69,1,5,-4,6,3,3,1,0
FK Tobol Kostanay,Tobol,2011/2012,Kazakhstan,2,1,1,0,0,0,0,1,1,0,1,0,1,0.5,1.0,0.0,0,72,72,63,1,3,-2,4,2,2,1,0
FC Zestafoni,Zestafoni,2011/2012,Georgia,4,2,2,0,1,1,0,1,1,0,2,0,2,1.0,2.0,0.0,0,73,73,46,4,4,0,8,5,3,4,0
SP Tre Fiori,Tre Fiori,2011/2012,San Marino,2,1,1,0,0,0,0,0,0,0,2,1,1,0.0,0.0,0.0,0,74,74,70,1,5,-4,6,3,3,0,1
Rangers FC,Rangers,2011/2012,Scotland,2,1,1,0,0,0,0,1,0,1,1,1,0,0.5,0.0,1.0,0,0,0,57,1,2,-1,3,1,2,0,1
BVB 09 Borussia Dortmund,Borussia Dortmund,2011/2012,Germany,6,3,3,0,1,1,0,1,1,0,4,1,3,0.67,1.33,0.0,4,1,1,49,6,12,-6,18,8,10,4,2
FC Bayern München,Bayern München,2011/2012,Germany,15,8,7,0,10,7,3,2,1,1,3,0,3,2.13,2.75,1.43,1,2,2,1,29,11,18,40,27,13,22,7
Bayer 04 Leverkusen,Bayer Leverkusen,2011/2012,Germany,8,4,4,0,3,3,0,1,0,1,4,1,3,1.25,2.25,0.25,2,3,3,22,10,18,-8,28,12,16,7,3
FC København,København,2011/2012,Denmark,4,2,2,0,2,1,1,0,0,0,2,1,1,1.5,1.5,1.5,0,4,4,41,5,5,0,10,5,5,2,3
Olympique Lyonnais,Olympique Lyonnais,2011/2012,France,10,5,5,0,4,3,1,3,1,2,3,1,2,1.5,2.0,1.0,2,5,5,10,14,10,4,24,9,15,6,8
Arsenal FC,Arsenal,2011/2012,England,10,5,5,0,6,4,2,2,1,1,2,0,2,2.0,2.6,1.4,1,6,6,8,13,11,2,24,10,14,8,5
SSC Napoli,Napoli,2011/2012,Italy,8,4,4,0,4,3,1,2,1,1,2,0,2,1.75,2.5,1.0,2,9,9,11,14,11,3,25,11,14,8,6
Villarreal CF,Villarreal,2011/2012,Spain,8,4,4,0,1,1,0,0,0,0,7,3,4,0.38,0.75,0.0,4,10,10,55,5,15,-10,20,10,10,3,2
SL Benfica,Benfica,2011/2012,Portugal,14,7,7,0,6,4,2,5,2,3,3,1,2,1.64,2.0,1.29,1,12,12,6,21,14,7,35,14,21,10,11
FC Basel 1893,Basel,2011/2012,Switzerland,8,4,4,0,4,3,1,2,0,2,2,1,1,1.75,2.25,1.25,2,13,13,12,12,17,-5,29,9,20,5,7
FC Shakhtar Donetsk,Shakhtar Donetsk,2011/2012,Ukraine,6,3,3,0,1,0,1,2,2,0,3,1,2,0.83,0.67,1.0,4,14,14,45,6,8,-2,14,8,6,3,3
FC Porto,Porto,2011/2012,Portugal,6,3,3,0,2,1,1,2,2,0,2,0,2,1.33,1.67,1.0,3,15,15,29,7,7,0,14,5,9,3,4
FC Barcelona,FC Barcelona,2011/2012,Spain,12,6,6,0,8,4,4,3,2,1,1,0,1,2.25,2.33,2.17,1,16,16,3,35,10,25,45,26,19,20,15
Real Madrid CF,Real Madrid,2011/2012,Spain,12,6,6,0,10,6,4,1,0,1,1,0,1,2.58,3.0,2.17,1,17,17,2,35,9,26,44,30,14,24,11
Manchester City FC,Manchester City,2011/2012,England,6,3,3,0,3,2,1,1,1,0,2,0,2,1.67,2.33,1.0,3,20,20,21,9,6,3,15,7,8,5,4
PFK CSKA Moskva,CSKA Moskva,2011/2012,Russia,8,4,4,0,2,1,1,3,1,2,3,2,1,1.13,1.0,1.25,2,21,21,26,11,13,-2,24,12,12,6,5
Olympiakos CFP,Olympiakos Piraeus,2011/2012,Greece,6,3,3,0,3,2,1,0,0,0,3,1,2,1.5,2.0,1.0,3,23,23,25,8,6,2,14,9,5,6,2
AFC Ajax,Ajax,2011/2012,Netherlands,6,3,3,0,2,1,1,2,1,1,2,1,1,1.33,1.33,1.33,3,25,25,28,6,6,0,12,7,5,4,2
FC Dynamo Kyiv,Dynamo Kyiv,2011/2012,Ukraine,2,1,1,0,0,0,0,0,0,0,2,1,1,0.0,0.0,0.0,0,27,27,67,1,4,-3,5,2,3,0,1
Manchester United FC,Manchester United,2011/2012,England,6,3,3,0,2,1,1,3,2,1,1,0,1,1.5,1.67,1.33,3,29,29,24,11,8,3,19,12,7,7,4
Chelsea FC,Chelsea,2011/2012,England,13,6,7,0,7,6,1,4,0,4,2,0,2,1.92,3.0,1.0,1,30,30,4,25,12,13,37,19,18,17,8
Trabzonspor,Trabzonspor,2011/2012,Turkey,8,4,4,0,1,0,1,5,4,1,2,0,2,1.0,1.0,1.0,3,31,31,31,4,8,-4,12,6,6,3,1
Valencia CF,Valencia CF,2011/2012,Spain,6,3,3,0,2,2,0,2,1,1,2,0,2,1.33,2.33,0.33,3,32,32,27,12,7,5,19,13,6,11,1
FC Twente,Twente,2011/2012,Netherlands,4,2,2,0,1,1,0,2,1,1,1,0,1,1.25,2.0,0.5,0,33,33,44,5,5,0,10,6,4,4,1
Lille OSC Métropole,Lille,2011/2012,France,6,3,3,0,1,0,1,3,2,1,2,1,1,1.0,0.67,1.33,4,35,35,42,6,6,0,12,5,7,2,4
Olympique de Marseille,Olympique Marseille,2011/2012,France,10,5,5,0,4,2,2,1,0,1,5,3,2,1.3,1.2,1.4,2,36,36,16,9,10,-1,19,8,11,4,5
AC Milan,AC Milan,2011/2012,Italy,10,5,5,0,3,3,0,4,1,3,3,1,2,1.3,2.0,0.6,2,37,37,14,16,14,2,30,13,17,10,6
Udinese Calcio,Udinese,2011/2012,Italy,2,1,1,0,0,0,0,0,0,0,2,1,1,0.0,0.0,0.0,0,38,38,65,1,3,-2,4,3,1,1,0
FC Internazionale Milano,Inter Milan,2011/2012,Italy,8,4,4,0,4,2,2,1,0,1,3,2,1,1.63,1.5,1.75,1,39,39,15,10,9,1,19,10,9,5,5
Royal Standard de Liège,Standard Liège,2011/2012,Belgium,2,1,1,0,0,0,0,1,1,0,1,0,1,0.5,1.0,0.0,0,40,40,58,1,2,-1,3,2,1,1,0
KRC Genk,KRC Genk,2011/2012,Belgium,10,5,5,0,2,2,0,4,3,1,4,0,4,1.0,1.8,0.2,4,41,41,23,8,21,-13,29,10,19,6,2
FC Zürich,Zürich,2011/2012,Switzerland,4,2,2,0,1,1,0,1,0,1,2,1,1,1.0,1.5,0.5,0,45,45,48,2,4,-2,6,2,4,1,1
FK Zenit St. Petersburg,Zenit,2011/2012,Russia,8,4,4,0,3,3,0,3,1,2,2,0,2,1.5,2.5,0.5,1,47,47,18,10,9,1,19,10,9,7,3
FK Rubin Kazan,Rubin Kazan,2011/2012,Russia,4,2,2,0,2,1,1,1,1,0,1,0,1,1.75,2.0,1.5,0,48,48,34,6,5,1,11,5,6,3,3
Panathinaikos FC,Panathinaikos,2011/2012,Greece,2,1,1,0,0,0,0,1,0,1,1,1,0,0.5,0.0,1.0,0,50,50,59,4,5,-1,9,7,2,3,1
Odense BK,OB,2011/2012,Denmark,4,2,2,0,2,1,1,1,1,0,1,0,1,1.75,2.0,1.5,0,63,63,36,6,7,-1,13,3,10,2,4
FC Oţelul Galaţi,Oţelul Galaţi,2011/2012,Romania,6,3,3,0,0,0,0,0,0,0,6,3,3,0.0,0.0,0.0,4,69,69,74,3,11,-8,14,8,6,2,1
FC Vaslui,Vaslui,2011/2012,Romania,2,1,1,0,0,0,0,1,1,0,1,0,1,0.5,1.0,0.0,0,70,70,60,0,2,-2,2,0,2,0,0
Celtic FC,Celtic,2012/2013,Scotland,12,6,6,0,7,4,3,1,1,0,4,1,3,1.83,2.17,1.5,2,0,0,4,17,14,3,31,14,17,8,9
Motherwell FC,Motherwell,2012/2013,Scotland,2,1,1,0,0,0,0,0,0,0,2,1,1,0.0,0.0,0.0,0,1,1,72,0,5,-5,5,2,3,0,0
BVB 09 Borussia Dortmund,Borussia Dortmund,2012/2013,Germany,13,7,6,0,7,6,1,4,0,4,2,1,1,1.92,2.57,1.17,1,2,2,2,24,14,10,38,21,17,15,9
FC Schalke 04,Schalke 04,2012/2013,Germany,8,4,4,0,3,1,2,4,2,2,1,1,0,1.63,1.25,2.0,1,3,3,18,13,10,3,23,14,9,7,6
FC Bayern München,Bayern München,2012/2013,Germany,13,6,7,0,10,5,5,1,0,1,2,1,1,2.38,2.5,2.29,1,4,4,1,31,11,20,42,23,19,18,13
Borussia VfL Mönchengladbach,Borussia M'gladbach,2012/2013,Germany,2,1,1,0,1,0,1,0,0,0,1,1,0,1.5,0.0,3.0,0,5,5,51,3,4,-1,7,4,3,1,2
FC København,København,2012/2013,Denmark,4,2,2,0,2,1,1,1,1,0,1,0,1,1.75,2.0,1.5,0,6,6,32,4,4,0,8,1,7,1,3
Arsenal FC,Arsenal,2012/2013,England,8,4,4,0,4,2,2,1,0,1,3,2,1,1.63,1.5,1.75,2,7,7,20,13,11,2,24,12,12,6,7
FK Sheriff Tiraspol,Sheriff,2012/2013,Moldova,4,2,2,0,2,1,1,0,0,0,2,1,1,1.5,1.5,1.5,0,8,8,38,2,5,-3,7,2,5,1,1
RSC Anderlecht,RSC Anderlecht,2012/2013,Belgium,10,5,5,0,4,3,1,2,0,2,4,2,2,1.4,1.8,1.0,4,9,9,14,18,11,7,29,15,14,9,9
B36 Tórshavn,B36,2012/2013,Faroe Islands,2,1,1,0,0,0,0,2,1,1,0,0,0,1.0,1.0,1.0,0,10,10,56,0,0,0,0,0,0,0,0
Paris Saint-Germain FC,PSG,2012/2013,France,10,5,5,0,6,3,3,3,2,1,1,0,1,2.1,2.2,2.0,1,11,11,5,20,8,12,28,18,10,13,7
The New Saints FC,The New Saints,2012/2013,Wales,2,1,1,0,0,0,0,1,1,0,1,0,1,0.5,1.0,0.0,0,12,12,64,0,3,-3,3,0,3,0,0
SL Benfica,Benfica,2012/2013,Portugal,6,3,3,0,2,2,0,2,0,2,2,1,1,1.33,2.0,0.67,3,13,13,30,5,5,0,10,7,3,4,1
FC Basel 1893,Basel,2012/2013,Switzerland,6,3,3,0,3,1,2,1,1,0,2,1,1,1.67,1.33,2.0,0,14,14,25,8,4,4,12,8,4,5,3
FC Shakhtar Donetsk,Shakhtar Donetsk,2012/2013,Ukraine,8,4,4,0,3,2,1,2,1,1,3,1,2,1.38,1.75,1.0,3,15,15,22,14,13,1,27,10,17,6,8
FC Porto,Porto,2012/2013,Portugal,8,4,4,0,5,4,1,1,0,1,2,0,2,2.0,3.0,1.0,2,16,16,13,11,6,5,17,10,7,8,3
FC Barcelona,FC Barcelona,2012/2013,Spain,12,6,6,0,5,3,2,3,2,1,4,1,3,1.5,1.83,1.17,1,17,17,9,18,17,1,35,17,18,10,8
Real Madrid CF,Real Madrid,2012/2013,Spain,12,6,6,0,6,4,2,3,2,1,3,0,3,1.75,2.33,1.17,2,18,18,6,26,18,8,44,21,23,15,11
FC BATE Borisov,BATE,2012/2013,Belarus,12,6,6,0,5,3,2,3,1,2,4,2,2,1.5,1.67,1.33,3,19,19,10,18,19,-1,37,18,19,9,9
Tallinna FC Flora,Tallinna FC Flora,2012/2013,Estonia,2,1,1,0,0,0,0,0,0,0,2,1,1,0.0,0.0,0.0,0,20,20,73,0,5,-5,5,2,3,0,0
Juventus FC,Juventus,2012/2013,Italy,10,5,5,0,5,3,2,3,1,2,2,1,1,1.8,2.0,1.6,1,21,21,8,17,8,9,25,13,12,10,7
Manchester City FC,Manchester City,2012/2013,England,6,3,3,0,0,0,0,3,3,0,3,0,3,0.5,1.0,0.0,4,22,22,55,7,11,-4,18,8,10,4,3
Club Brugge KV,Club Brugge,2012/2013,Belgium,2,1,1,0,0,0,0,1,0,1,1,1,0,0.5,0.0,1.0,0,23,23,61,2,3,-1,5,5,0,2,0
SP Tre Penne,Tre Penne,2012/2013,San Marino,2,1,1,0,0,0,0,0,0,0,2,1,1,0.0,0.0,0.0,0,24,24,76,0,11,-11,11,4,7,0,0
FC Salzburg,Salzburg,2012/2013,Austria,2,1,1,0,1,1,0,0,0,0,1,0,1,1.5,3.0,0.0,0,25,25,48,4,4,0,8,7,1,4,0
FK Vardar Skopje,Vardar,2012/2013,FYR Macedonia,2,1,1,0,0,0,0,1,1,0,1,0,1,0.5,1.0,0.0,0,26,26,62,2,3,-1,5,0,5,0,2
Fenerbahçe,Fenerbahçe,2012/2013,Turkey,4,2,2,0,1,0,1,2,2,0,1,0,1,1.25,1.0,1.5,0,27,27,41,7,5,2,12,4,8,2,5
F91 Dudelange,F91 Dudelange,2012/2013,Luxembourg,6,3,3,0,3,2,1,0,0,0,3,1,2,1.5,2.0,1.0,0,28,28,27,16,9,7,25,9,16,8,8
PFC Ludogorets 1945 Razgrad,Ludogorets,2012/2013,Bulgaria,2,1,1,0,0,0,0,1,1,0,1,0,1,0.5,1.0,0.0,0,29,29,63,3,4,-1,7,2,5,1,2
Olympiakos CFP,Olympiakos Piraeus,2012/2013,Greece,6,3,3,0,3,2,1,0,0,0,3,1,2,1.5,2.0,1.0,3,30,30,28,9,9,0,18,10,8,6,3
Valletta FC,Valletta,2012/2013,Malta,4,2,2,0,2,1,1,0,0,0,2,1,1,1.5,1.5,1.5,0,31,31,36,11,7,4,18,13,5,9,2
AFC Ajax,Ajax,2012/2013,Netherlands,6,3,3,0,1,1,0,1,0,1,4,2,2,0.67,1.0,0.33,3,32,32,46,8,16,-8,24,14,10,5,3
GNK Dinamo Zagreb,Dinamo Zagreb,2012/2013,Croatia,12,6,6,0,5,3,2,2,1,1,5,2,3,1.42,1.67,1.17,4,33,33,12,13,18,-5,31,18,13,10,3
FC Dynamo Kyiv,Dynamo Kyiv,2012/2013,Ukraine,10,5,5,0,4,2,2,2,1,1,4,2,2,1.4,1.4,1.4,3,34,34,16,13,14,-1,27,10,17,5,8
Manchester United FC,Manchester United,2012/2013,England,8,4,4,0,4,2,2,1,0,1,3,2,1,1.63,1.5,1.75,1,35,35,19,11,9,2,20,10,10,5,6
Chelsea FC,Chelsea,2012/2013,England,6,3,3,0,3,2,1,1,1,0,2,0,2,1.67,2.33,1.0,2,36,36,24,16,10,6,26,16,10,11,5
Sporting Braga,Sporting Braga,2012/2013,Portugal,8,4,4,0,1,0,1,2,1,1,5,3,2,0.63,0.25,1.0,4,37,37,43,9,15,-6,24,11,13,3,6
Galatasaray,Galatasaray,2012/2013,Turkey,10,5,5,0,5,2,3,2,2,0,3,1,2,1.7,1.6,1.8,3,38,38,11,14,14,0,28,12,16,6,8
Málaga CF,Málaga CF,2012/2013,Spain,12,6,6,0,5,4,1,5,2,3,2,0,2,1.67,2.33,1.0,1,39,39,7,18,9,9,27,12,15,10,8
Valencia CF,Valencia CF,2012/2013,Spain,8,4,4,0,4,2,2,2,1,1,2,1,1,1.75,1.75,1.75,2,40,40,15,14,8,6,22,13,9,8,6
Molde FK,Molde,2012/2013,Norway,4,2,2,0,1,1,0,2,0,2,1,1,0,1.25,1.5,1.0,0,41,41,40,5,3,2,8,4,4,3,2
Feyenoord Rotterdam,Feyenoord,2012/2013,Netherlands,2,1,1,0,0,0,0,0,0,0,2,1,1,0.0,0.0,0.0,0,42,42,70,1,3,-2,4,1,3,0,1
Helsingin Jalkapalloklubi,HJK,2012/2013,Finland,4,2,2,0,2,1,1,0,0,0,2,1,1,1.5,1.5,1.5,0,43,43,35,10,5,5,15,9,6,7,3
Montpellier HSC,Montpellier,2012/2013,France,6,3,3,0,0,0,0,2,1,1,4,2,2,0.33,0.33,0.33,4,44,44,58,6,12,-6,18,8,10,3,3
Lille OSC Métropole,Lille,2012/2013,France,8,4,4,0,2,1,1,0,0,0,6,3,3,0.75,0.75,0.75,4,45,45,39,6,14,-8,20,8,12,3,3
AC Milan,AC Milan,2012/2013,Italy,8,4,4,0,3,1,2,2,2,0,3,1,2,1.38,1.25,1.5,2,46,46,23,9,10,-1,19,5,14,3,6
Udinese Calcio,Udinese,2012/2013,Italy,2,1,1,0,0,0,0,2,1,1,0,0,0,1.0,1.0,1.0,0,47,47,57,2,2,0,4,2,2,1,1
Helsingborgs IF,Helsingborg,2012/2013,Sweden,6,3,3,0,3,2,1,1,0,1,2,1,1,1.67,2.0,1.33,0,48,48,26,9,5,4,14,9,5,6,3
Ulisses FC,Ulisses,2012/2013,Armenia,2,1,1,0,0,0,0,0,0,0,2,1,1,0.0,0.0,0.0,0,49,49,69,0,2,-2,2,1,1,0,0
Neftçi PFC Bakı,Neftçi,2012/2013,Azerbaijan,4,2,2,0,1,1,0,2,1,1,1,0,1,1.25,2.0,0.5,0,50,50,42,7,8,-1,15,7,8,5,2
FK Zenit St. Petersburg,Zenit,2012/2013,Russia,6,3,3,0,2,1,1,1,1,0,3,1,2,1.17,1.33,1.0,3,51,51,33,6,9,-3,15,10,5,5,1
FK Spartak Moskva,Spartak Moskva,2012/2013,Russia,8,4,4,0,2,2,0,1,0,1,5,2,3,0.88,1.5,0.25,4,52,52,34,10,16,-6,26,14,12,6,4
FK Partizan Beograd,Partizan,2012/2013,Serbia,4,2,2,0,2,1,1,0,0,0,2,1,1,1.5,1.5,1.5,0,53,53,37,7,4,3,11,5,6,3,4
Panathinaikos FC,Panathinaikos,2012/2013,Greece,4,2,2,0,2,1,1,1,1,0,1,0,1,1.75,2.0,1.5,0,54,54,31,5,2,3,7,3,4,3,2
FK Ventspils,Ventspils,2012/2013,Latvia,2,1,1,0,0,0,0,1,1,0,1,0,1,0.5,1.0,0.0,0,55,55,65,1,4,-3,5,2,3,1,0
NK Maribor,Maribor,2012/2013,Slovenia,6,3,3,0,4,2,2,0,0,0,2,1,1,2.0,2.0,2.0,0,56,56,21,12,6,6,18,11,7,8,4
KS Skënderbeu Korçë,Skënderbeu Korçë,2012/2013,Albania,2,1,1,0,1,1,0,0,0,0,1,0,1,1.5,3.0,0.0,0,57,57,52,1,3,-2,4,1,3,1,0
KR Reykjavík,KR,2012/2013,Iceland,2,1,1,0,0,0,0,0,0,0,2,1,1,0.0,0.0,0.0,0,58,58,74,1,9,-8,10,3,7,1,0
AEL Limassol,AEL,2012/2013,Cyprus,6,3,3,0,4,3,1,1,0,1,1,0,1,2.17,3.0,1.33,0,59,59,17,7,3,4,10,7,3,6,1
Debreceni VSC,Debrecen,2012/2013,Hungary,4,2,2,0,1,1,0,1,0,1,2,1,1,1.0,1.5,0.5,0,60,60,44,4,4,0,8,5,3,3,1
FC Nordsjælland,Nordsjælland,2012/2013,Denmark,6,3,3,0,0,0,0,1,1,0,5,2,3,0.17,0.33,0.0,4,61,61,68,4,22,-18,26,13,13,3,1
FC Lusitanos,Lusitanos,2012/2013,Andorra,2,1,1,0,0,0,0,0,0,0,2,1,1,0.0,0.0,0.0,0,62,62,75,0,9,-9,9,1,8,0,0
FK Ekranas,Ekranas,2012/2013,Lithuania,4,2,2,0,1,1,0,1,0,1,2,1,1,1.0,1.5,0.5,0,63,63,47,2,12,-10,14,9,5,2,0
FK Shakhter Karagandy,Shakhter Karagandy,2012/2013,Kazakhstan,2,1,1,0,0,0,0,1,1,0,1,0,1,0.5,1.0,0.0,0,64,64,59,1,2,-1,3,2,1,1,0
FK Željezničar Sarajevo,Željezničar,2012/2013,Bosnia and Herzegovina,2,1,1,0,0,0,0,0,0,0,2,1,1,0.0,0.0,0.0,0,65,65,71,2,6,-4,8,3,5,1,1
Linfield FC,Linfield,2012/2013,Northern Ireland,4,2,2,0,0,0,0,3,2,1,1,0,1,0.75,1.0,0.5,0,66,66,53,0,3,-3,3,0,3,0,0
FK Budućnost Podgorica,Budućnost,2012/2013,Montenegro,2,1,1,0,1,0,1,0,0,0,1,1,0,1.5,0.0,3.0,0,67,67,49,1,2,-1,3,2,1,0,1
MŠK Žilina,Žilina,2012/2013,Slovakia,2,1,1,0,1,1,0,0,0,0,1,0,1,1.5,3.0,0.0,0,68,68,50,1,2,-1,3,1,2,1,0
WKS Śląsk Wrocław,Śląsk Wrocław,2012/2013,Poland,4,2,2,0,1,0,1,0,0,0,3,2,1,0.75,0.0,1.5,0,69,69,54,3,7,-4,10,4,6,0,3
Shamrock Rovers FC,Shamrock Rovers,2012/2013,Republic of Ireland,2,1,1,0,0,0,0,1,1,0,1,0,1,0.5,1.0,0.0,0,70,70,60,1,2,-1,3,0,3,0,1
Hapoel Ironi Kiryat Shmona FC,Ironi Kiryat Shmona,2012/2013,Israel,6,3,3,0,2,2,0,2,1,1,2,0,2,1.33,2.33,0.33,0,71,71,29,9,6,3,15,8,7,7,2
FC Slovan Liberec,Slovan Liberec,2012/2013,Czech Republic,4,2,2,0,1,1,0,1,0,1,2,1,1,1.0,1.5,0.5,0,72,72,45,3,4,-1,7,4,3,2,1
SCS CFR 1907 Cluj,CFR Cluj,2012/2013,Romania,10,5,5,0,7,3,4,1,0,1,2,2,0,2.2,1.8,2.6,2,73,73,3,15,9,6,24,13,11,7,8
FC Vaslui,Vaslui,2012/2013,Romania,2,1,1,0,0,0,0,1,0,1,1,1,0,0.5,0.0,1.0,0,74,74,66,2,5,-3,7,5,2,1,1
FC Zestafoni,Zestafoni,2012/2013,Georgia,2,1,1,0,0,0,0,1,1,0,1,0,1,0.5,1.0,0.0,0,75,75,67,2,5,-3,7,4,3,2,0
Celtic FC,Celtic,2013/2014,Scotland,12,6,6,0,5,4,1,1,0,1,6,2,4,1.33,2.0,0.67,28,0,0,13,12,16,-4,28,13,15,8,4
BVB 09 Borussia Dortmund,Borussia Dortmund,2013/2014,Germany,10,5,5,0,6,3,3,0,0,0,4,2,2,1.8,1.8,1.8,6,1,1,10,18,13,5,31,13,18,9,9
FC Schalke 04,Schalke 04,2013/2014,Germany,10,5,5,0,4,2,2,2,1,1,4,2,2,1.4,1.4,1.4,16,2,2,17,12,18,-6,30,17,13,7,5
FC Bayern München,Bayern München,2013/2014,Germany,12,6,6,0,7,3,4,2,1,1,3,2,1,1.92,1.67,2.17,4,3,3,3,24,13,11,37,23,14,14,10
Bayer 04 Leverkusen,Bayer Leverkusen,2013/2014,Germany,8,4,4,0,3,2,1,1,0,1,4,2,2,1.25,1.5,1.0,15,4,4,24,10,16,-6,26,16,10,6,4
FH Hafnarfjördur,FH,2013/2014,Iceland,4,2,2,0,2,1,1,1,1,0,1,0,1,1.75,2.0,1.5,20,5,5,34,3,2,1,5,3,2,2,1
FC København,København,2013/2014,Denmark,6,3,3,0,1,1,0,1,1,0,4,1,3,0.67,1.33,0.0,25,6,6,47,4,13,-9,17,5,12,2,2
Olympique Lyonnais,Olympique Lyonnais,2013/2014,France,4,2,2,0,2,1,1,0,0,0,2,1,1,1.5,1.5,1.5,17,7,7,39,2,4,-2,6,3,3,1,1
Arsenal FC,Arsenal,2013/2014,England,10,5,5,0,6,3,3,1,0,1,3,2,1,1.9,1.8,2.0,11,8,8,8,14,8,6,22,11,11,7,7
FK Sheriff Tiraspol,Sheriff,2013/2014,Moldova,3,1,2,0,1,0,1,0,0,0,2,1,1,1.0,0.0,1.5,27,9,9,48,5,4,1,9,3,6,0,5
RSC Anderlecht,RSC Anderlecht,2013/2014,Belgium,6,3,3,0,0,0,0,1,0,1,5,3,2,0.17,0.0,0.33,31,10,10,60,4,17,-13,21,13,8,2,2
Paris Saint-Germain FC,PSG,2013/2014,France,10,5,5,0,7,4,3,1,1,0,2,0,2,2.2,2.6,1.8,5,11,11,4,25,9,16,34,15,19,11,14
The New Saints FC,The New Saints,2013/2014,Wales,2,1,1,0,0,0,0,0,0,0,2,1,1,0.0,0.0,0.0,29,12,12,67,1,4,-3,5,4,1,1,0
SSC Napoli,Napoli,2013/2014,Italy,6,3,3,0,4,3,1,0,0,0,2,0,2,2.0,3.0,1.0,11,13,13,20,10,9,1,19,10,9,7,3
FC Viktoria Plzeň,Viktoria Plzeň,2013/2014,Czech Republic,11,5,6,0,6,3,3,0,0,0,5,2,3,1.64,1.8,1.5,29,14,14,12,22,21,1,43,19,24,11,11
SL Benfica,Benfica,2013/2014,Portugal,6,3,3,0,3,2,1,1,1,0,2,0,2,1.67,2.33,1.0,14,15,15,23,8,8,0,16,7,9,5,3
FC Basel 1893,Basel,2013/2014,Switzerland,10,5,5,0,5,3,2,3,1,2,2,1,1,1.8,2.0,1.6,18,16,16,11,15,11,4,26,7,19,5,10
FC Shakhtar Donetsk,Shakhtar Donetsk,2013/2014,Ukraine,6,3,3,0,2,1,1,2,2,0,2,0,2,1.33,1.67,1.0,17,17,17,28,7,6,1,13,6,7,5,2
FC Porto,Porto,2013/2014,Portugal,6,3,3,0,1,0,1,2,1,1,3,2,1,0.83,0.33,1.33,23,18,18,41,4,7,-3,11,6,5,2,2
FC Barcelona,FC Barcelona,2013/2014,Spain,10,5,5,0,6,4,2,2,1,1,2,0,2,2.0,2.6,1.4,7,19,19,6,21,8,13,29,20,9,16,5
Real Madrid CF,Real Madrid,2013/2014,Spain,13,7,6,0,11,7,4,1,0,1,1,0,1,2.62,3.0,2.17,1,20,20,1,41,10,31,51,25,26,21,20
FC BATE Borisov,BATE,2013/2014,Belarus,1,0,1,0,0,0,0,0,0,0,1,0,1,0.0,0.0,0.0,23,21,21,61,0,1,-1,1,0,1,0,0
FC Dinamo Tbilisi,Dinamo Tbilisi,2013/2014,Georgia,3,1,2,0,1,0,1,1,0,1,1,1,0,1.33,0.0,2.0,22,22,22,44,4,4,0,8,2,6,0,4
Juventus FC,Juventus,2013/2014,Italy,6,3,3,0,1,1,0,3,2,1,2,0,2,1.0,1.67,0.33,21,23,23,37,9,9,0,18,12,6,7,2
Manchester City FC,Manchester City,2013/2014,England,8,4,4,0,5,2,3,0,0,0,3,2,1,1.88,1.5,2.25,13,24,24,15,19,14,5,33,19,14,10,9
SC Fotbal Club FCSB SA,FCSB,2013/2014,Romania,12,6,6,0,3,1,2,6,4,2,3,1,2,1.25,1.17,1.33,26,25,25,16,13,15,-2,28,13,15,6,7
SP Tre Penne,Tre Penne,2013/2014,San Marino,2,1,1,0,1,1,0,0,0,0,1,0,1,1.5,3.0,0.0,3,26,26,49,1,3,-2,4,1,3,1,0
FC Salzburg,Salzburg,2013/2014,Austria,2,1,1,0,0,0,0,1,1,0,1,0,1,0.5,1.0,0.0,24,27,27,58,2,4,-2,6,2,4,1,1
PFK CSKA Moskva,CSKA Moskva,2013/2014,Russia,6,3,3,0,1,1,0,0,0,0,5,2,3,0.5,1.0,0.0,27,28,28,51,8,17,-9,25,12,13,5,3
FK Vardar Skopje,Vardar,2013/2014,FYR Macedonia,2,1,1,0,0,0,0,0,0,0,2,1,1,0.0,0.0,0.0,30,29,29,68,1,5,-4,6,3,3,1,0
Fenerbahçe,Fenerbahçe,2013/2014,Turkey,4,2,2,0,1,1,0,1,0,1,2,1,1,1.0,1.5,0.5,19,30,30,45,4,7,-3,11,7,4,3,1
PAOK Thessaloniki FC,PAOK,2013/2014,Greece,4,2,2,0,0,0,0,2,0,2,2,2,0,0.5,0.0,1.0,14,31,31,54,4,7,-3,11,7,4,2,2
PFC Ludogorets 1945 Razgrad,Ludogorets,2013/2014,Bulgaria,6,3,3,0,3,2,1,0,0,0,3,1,2,1.5,2.0,1.0,18,32,32,26,9,9,0,18,12,6,7,2
KP Legia Warszawa,Legia Warszawa,2013/2014,Poland,6,3,3,0,2,1,1,4,2,2,0,0,0,1.67,1.67,1.67,13,33,33,22,8,5,3,13,5,8,3,5
Olympiakos CFP,Olympiakos Piraeus,2013/2014,Greece,8,4,4,0,4,3,1,1,0,1,3,1,2,1.63,2.25,1.0,9,34,34,19,12,11,1,23,12,11,7,5
Club Atlético de Madrid,Atlético Madrid,2013/2014,Spain,13,6,7,0,9,5,4,3,1,2,1,0,1,2.31,2.67,2.0,2,35,35,2,26,10,16,36,16,20,14,12
AFC Ajax,Ajax,2013/2014,Netherlands,6,3,3,0,2,2,0,2,1,1,2,0,2,1.33,2.33,0.33,19,36,36,29,5,8,-3,13,6,7,4,1
PSV Eindhoven,PSV,2013/2014,Netherlands,4,2,2,0,2,1,1,1,1,0,1,0,1,1.75,2.0,1.5,15,37,37,32,6,4,2,10,4,6,3,3
GNK Dinamo Zagreb,Dinamo Zagreb,2013/2014,Croatia,6,3,3,0,5,2,3,0,0,0,1,1,0,2.5,2.0,3.0,11,38,38,14,13,4,9,17,4,13,2,11
APOEL FC,APOEL,2013/2014,Cyprus,2,1,1,0,0,0,0,2,1,1,0,0,0,1.0,1.0,1.0,15,39,39,52,1,1,0,2,2,0,1,0
Manchester United FC,Manchester United,2013/2014,England,10,5,5,0,5,4,1,3,1,2,2,0,2,1.8,2.6,1.0,8,40,40,9,17,9,8,26,13,13,10,7
Chelsea FC,Chelsea,2013/2014,England,12,6,6,0,6,4,2,2,0,2,4,2,2,1.67,2.0,1.33,3,41,41,7,19,10,9,29,15,14,10,9
FC Paços de Ferreira,Paços de Ferreira,2013/2014,Portugal,2,1,1,0,0,0,0,0,0,0,2,1,1,0.0,0.0,0.0,20,42,42,72,3,8,-5,11,5,6,1,2
Galatasaray,Galatasaray,2013/2014,Turkey,8,4,4,0,2,2,0,2,1,1,4,1,3,1.0,1.75,0.25,12,43,43,30,9,17,-8,26,14,12,6,3
Real Sociedad de Fútbol,Real Sociedad,2013/2014,Spain,8,4,4,0,2,1,1,1,1,0,5,2,3,0.88,1.0,0.75,30,44,44,36,5,10,-5,15,5,10,2,3
Molde FK,Molde,2013/2014,Norway,4,2,2,0,2,1,1,2,1,1,0,0,0,2.0,2.0,2.0,18,45,45,27,4,1,3,5,4,1,3,1
Helsingin Jalkapalloklubi,HJK,2013/2014,Finland,2,1,1,0,0,0,0,1,1,0,1,0,1,0.5,1.0,0.0,21,46,46,56,1,2,-1,3,0,3,0,1
Olympique de Marseille,Olympique Marseille,2013/2014,France,6,3,3,0,0,0,0,0,0,0,6,3,3,0.0,0.0,0.0,32,47,47,75,5,14,-9,19,9,10,3,2
AC Milan,AC Milan,2013/2014,Italy,10,5,5,0,3,2,1,4,2,2,3,1,2,1.3,1.6,1.0,14,48,48,18,13,11,2,24,8,16,6,7
SV Zulte-Waregem,Zulte-Waregem,2013/2014,Belgium,2,1,1,0,0,0,0,0,0,0,2,1,1,0.0,0.0,0.0,28,49,49,71,0,5,-5,5,3,2,0,0
FK Austria Wien,Austria Wien,2013/2014,Austria,10,5,5,0,3,2,1,3,0,3,4,3,1,1.2,1.2,1.2,24,50,50,21,10,13,-3,23,15,8,7,3
IF Elfsborg,Elfsborg,2013/2014,Sweden,4,2,2,0,2,1,1,1,1,0,1,0,1,1.75,2.0,1.5,19,51,51,31,11,2,9,13,8,5,7,4
Shirak FC,Shirak,2013/2014,Armenia,4,2,2,0,1,1,0,2,1,1,1,0,1,1.25,2.0,0.5,19,52,52,40,4,2,2,6,5,1,4,0
Grasshopper Club Zürich,Grasshopper,2013/2014,Switzerland,2,1,1,0,0,0,0,0,0,0,2,1,1,0.0,0.0,0.0,25,53,53,63,0,2,-2,2,1,1,0,0
Neftçi PFC Bakı,Neftçi,2013/2014,Azerbaijan,2,1,1,0,0,0,0,1,1,0,1,0,1,0.5,1.0,0.0,20,54,54,55,0,1,-1,1,0,1,0,0
FK Zenit St. Petersburg,Zenit,2013/2014,Russia,12,6,6,0,6,2,4,3,3,0,3,1,2,1.75,1.5,2.0,10,55,55,5,23,17,6,40,21,19,13,10
Maccabi Tel Aviv FC,Maccabi Tel Aviv,2013/2014,Israel,4,2,2,0,2,1,1,1,1,0,1,0,1,1.75,2.0,1.5,21,56,56,33,7,5,2,12,9,3,5,2
FK Partizan Beograd,Partizan,2013/2014,Serbia,4,2,2,0,0,0,0,2,1,1,2,1,1,0.5,0.5,0.5,26,57,57,53,2,4,-2,6,1,5,0,2
NK Maribor,Maribor,2013/2014,Slovenia,6,3,3,0,1,1,0,3,1,2,2,1,1,1.0,1.33,0.67,16,58,58,38,4,5,-1,9,3,6,2,2
KS Skënderbeu Korçë,Skënderbeu Korçë,2013/2014,Albania,4,2,2,0,2,2,0,1,0,1,1,0,1,1.75,3.0,0.5,14,59,59,35,4,5,-1,9,6,3,4,0
CS Fola Esch,Fola Esch,2013/2014,Luxembourg,2,1,1,0,0,0,0,0,0,0,2,1,1,0.0,0.0,0.0,33,60,60,73,0,6,-6,6,5,1,0,0
Cliftonville FC,Cliftonville,2013/2014,Northern Ireland,2,1,1,0,0,0,0,0,0,0,2,1,1,0.0,0.0,0.0,31,61,61,69,0,5,-5,5,3,2,0,0
FK Sutjeska Nikšić,Sutjeska,2013/2014,Montenegro,1,1,0,0,0,0,0,0,0,0,1,1,0,0.0,0.0,0.0,32,62,62,70,0,5,-5,5,5,0,0,0
ŠK Slovan Bratislava,Slovan Bratislava,2013/2014,Slovakia,2,1,1,0,1,1,0,0,0,0,1,0,1,1.5,3.0,0.0,17,63,63,50,2,4,-2,6,3,3,2,0
FC Nordsjælland,Nordsjælland,2013/2014,Denmark,2,1,1,0,0,0,0,0,0,0,2,1,1,0.0,0.0,0.0,29,64,64,74,0,6,-6,6,1,5,0,0
FC Lusitanos,Lusitanos,2013/2014,Andorra,2,1,1,0,0,0,0,1,1,0,1,0,1,0.5,1.0,0.0,4,65,65,59,3,7,-4,10,4,6,2,1
Nõmme Kalju FC,Nõmme Kalju,2013/2014,Estonia,4,2,2,0,1,1,0,1,0,1,2,1,1,1.0,1.5,0.5,30,66,66,46,4,11,-7,15,7,8,2,2
Sligo Rovers FC,Sligo Rovers,2013/2014,Republic of Ireland,2,1,1,0,0,0,0,0,0,0,2,1,1,0.0,0.0,0.0,27,67,67,65,0,3,-3,3,1,2,0,0
FC Daugava Daugavpils,Daugava Daugavpils,2013/2014,Latvia,2,1,1,0,0,0,0,0,0,0,2,1,1,0.0,0.0,0.0,34,68,68,76,1,11,-10,12,4,8,0,1
Birkirkara FC,Birkirkara,2013/2014,Malta,2,1,1,0,0,0,0,1,1,0,1,0,1,0.5,1.0,0.0,22,69,69,57,0,2,-2,2,0,2,0,0
FK Ekranas,Ekranas,2013/2014,Lithuania,2,1,1,0,0,0,0,0,0,0,2,1,1,0.0,0.0,0.0,26,70,70,64,1,3,-2,4,1,3,0,1
Győri ETO FC,Győri ETO,2013/2014,Hungary,2,1,1,0,0,0,0,0,0,0,2,1,1,0.0,0.0,0.0,28,71,71,66,1,4,-3,5,2,3,0,1
FK Shakhter Karagandy,Shakhter Karagandy,2013/2014,Kazakhstan,5,3,2,0,3,3,0,0,0,0,2,0,2,1.8,3.0,0.0,10,72,72,25,8,6,2,14,6,8,6,2
FK Željezničar Sarajevo,Željezničar,2013/2014,Bosnia and Herzegovina,1,1,0,0,0,0,0,0,0,0,1,1,0,0.0,0.0,0.0,24,73,73,62,1,2,-1,3,3,0,1,0
FK Metalist Kharkiv,Metalist,2013/2014,Ukraine,2,1,1,0,1,0,1,1,1,0,0,0,0,2.0,1.0,3.0,8,74,74,42,3,1,2,4,2,2,1,2
EB - Streymur,EB - Streymur,2013/2014,Faroe Islands,3,2,1,0,1,1,0,1,0,1,1,1,0,1.33,1.5,1.0,25,75,75,43,8,6,2,14,10,4,6,2
Celtic FC,Celtic,2014/2015,Scotland,6,3,3,0,3,2,1,1,0,1,2,1,1,1.67,2.0,1.33,14,0,0,21,10,6,4,16,8,8,7,3
BVB 09 Borussia Dortmund,Borussia Dortmund,2014/2015,Germany,8,4,4,0,4,2,2,1,1,0,3,1,2,1.63,1.75,1.5,16,1,1,14,15,9,6,24,12,12,7,8
FC Schalke 04,Schalke 04,2014/2015,Germany,8,4,4,0,3,1,2,2,1,1,3,2,1,1.38,1.0,1.75,10,2,2,19,13,19,-6,32,16,16,5,8
FC Bayern München,Bayern München,2014/2015,Germany,12,6,6,0,8,6,2,1,0,1,3,0,3,2.08,3.0,1.17,3,3,3,4,33,13,20,46,25,21,22,11
Bayer 04 Leverkusen,Bayer Leverkusen,2014/2015,Germany,10,5,5,0,6,4,2,1,0,1,3,1,2,1.9,2.4,1.4,7,4,4,7,15,7,8,22,12,10,10,5
FC København,København,2014/2015,Denmark,4,2,2,0,1,1,0,1,0,1,2,1,1,1.0,1.5,0.5,20,5,5,52,4,7,-3,11,7,4,4,0
AS Monaco FC,Monaco,2014/2015,Monaco,10,5,5,0,4,2,2,3,2,1,3,1,2,1.5,1.6,1.4,7,6,6,11,7,5,2,12,5,7,3,4
Arsenal FC,Arsenal,2014/2015,England,10,5,5,0,6,3,3,2,1,1,2,1,1,2.0,2.0,2.0,8,7,7,6,19,11,8,30,18,12,11,8
FK Sheriff Tiraspol,Sheriff,2014/2015,Moldova,3,1,2,0,1,0,1,1,1,0,1,0,1,1.33,1.0,1.5,24,8,8,47,4,2,2,6,0,6,0,4
RSC Anderlecht,RSC Anderlecht,2014/2015,Belgium,6,3,3,0,1,1,0,3,0,3,2,2,0,1.0,1.0,1.0,21,9,9,40,8,10,-2,18,8,10,3,5
Don Denis FC Santa Coloma,FC Santa Coloma,2014/2015,Andorra,4,2,2,0,1,1,0,0,0,0,3,1,2,0.75,1.5,0.0,27,10,10,55,3,6,-3,9,2,7,1,2
Paris Saint-Germain FC,PSG,2014/2015,France,10,5,5,0,4,3,1,3,1,2,3,1,2,1.5,2.0,1.0,8,11,11,12,14,15,-1,29,16,13,9,5
The New Saints FC,The New Saints,2014/2015,Wales,1,1,0,0,0,0,0,0,0,0,1,1,0,0.0,0.0,0.0,26,12,12,69,0,2,-2,2,2,0,0,0
SSC Napoli,Napoli,2014/2015,Italy,2,1,1,0,0,0,0,1,1,0,1,0,1,0.5,1.0,0.0,15,13,13,64,2,4,-2,6,2,4,1,1
Qarabağ Ağdam FK,Qarabağ,2014/2015,Azerbaijan,3,2,1,0,2,2,0,0,0,0,1,0,1,2.0,3.0,0.0,19,14,14,38,6,3,3,9,7,2,6,0
SL Benfica,Benfica,2014/2015,Portugal,6,3,3,0,1,1,0,2,1,1,3,1,2,0.83,1.33,0.33,23,15,15,43,2,6,-4,8,3,5,1,1
FC Basel 1893,Basel,2014/2015,Switzerland,8,4,4,0,2,2,0,2,1,1,4,1,3,1.0,1.75,0.25,13,16,16,29,8,13,-5,21,8,13,6,2
FC Shakhtar Donetsk,Shakhtar Donetsk,2014/2015,Ukraine,8,4,4,0,2,1,1,4,2,2,2,1,1,1.25,1.25,1.25,14,17,17,22,15,11,4,26,10,16,7,8
FC Porto,Porto,2014/2015,Portugal,12,6,6,0,8,5,3,3,1,2,1,0,1,2.25,2.67,1.83,5,18,18,2,28,12,16,40,21,19,18,10
FC Barcelona,FC Barcelona,2014/2015,Spain,13,6,7,0,11,6,5,0,0,0,2,0,2,2.54,3.0,2.14,1,19,19,1,31,11,20,42,15,27,13,18
Real Madrid CF,Real Madrid,2014/2015,Spain,12,6,6,0,8,4,4,2,1,1,2,1,1,2.17,2.17,2.17,4,20,20,3,24,9,15,33,21,12,15,9
VMFD Žalgiris Vilnius,Žalgiris,2014/2015,Lithuania,2,1,1,0,0,0,0,0,0,0,2,1,1,0.0,0.0,0.0,32,21,21,75,0,4,-4,4,2,2,0,0
AC Sparta Praha,Sparta Praha,2014/2015,Czech Republic,4,2,2,0,2,2,0,1,0,1,1,0,1,1.75,3.0,0.5,16,22,22,30,12,5,7,17,13,4,11,1
FC BATE Borisov,BATE,2014/2015,Belarus,11,5,6,0,3,3,0,2,0,2,6,2,4,1.0,1.8,0.33,30,23,23,20,10,28,-18,38,20,18,8,2
FC Dinamo Tbilisi,Dinamo Tbilisi,2014/2015,Georgia,2,1,1,0,0,0,0,0,0,0,2,1,1,0.0,0.0,0.0,30,24,24,73,0,4,-4,4,1,3,0,0
Juventus FC,Juventus,2014/2015,Italy,13,7,6,0,7,5,2,3,1,2,3,1,2,1.85,2.29,1.33,2,25,25,5,17,10,7,27,18,9,11,6
HŠK Zrinjski Mostar,Zrinjski,2014/2015,Bosnia and Herzegovina,2,1,1,0,0,0,0,1,1,0,1,0,1,0.5,1.0,0.0,22,26,26,62,0,2,-2,2,0,2,0,0
Manchester City FC,Manchester City,2014/2015,England,8,4,4,0,2,1,1,2,1,1,4,2,2,1.0,1.0,1.0,15,27,27,28,10,11,-1,21,13,8,6,4
SC Fotbal Club FCSB SA,FCSB,2014/2015,Romania,6,3,3,0,4,3,1,1,0,1,1,0,1,2.17,3.0,1.33,10,28,28,15,8,4,4,12,6,6,5,3
FC Salzburg,Salzburg,2014/2015,Austria,4,2,2,0,2,2,0,0,0,0,2,0,2,1.5,3.0,0.0,12,29,29,39,5,6,-1,11,5,6,4,1
PFK CSKA Moskva,CSKA Moskva,2014/2015,Russia,6,3,3,0,1,0,1,2,2,0,3,1,2,0.83,0.67,1.0,26,30,30,46,6,13,-7,19,7,12,3,3
Lincoln Red Imps FC,Lincoln Red Imps,2014/2015,Gibraltar,2,1,1,0,0,0,0,1,1,0,1,0,1,0.5,1.0,0.0,5,31,31,65,3,6,-3,9,2,7,1,2
F91 Dudelange,F91 Dudelange,2014/2015,Luxembourg,2,1,1,0,0,0,0,1,1,0,1,0,1,0.5,1.0,0.0,23,32,32,66,1,5,-4,6,2,4,1,0
Beşiktaş,Beşiktaş,2014/2015,Turkey,4,2,2,0,2,1,1,1,1,0,1,0,1,1.75,2.0,1.5,13,33,33,33,5,3,2,8,4,4,3,2
PFC Ludogorets 1945 Razgrad,Ludogorets,2014/2015,Bulgaria,12,6,6,0,3,3,0,4,2,2,5,1,4,1.08,1.83,0.33,27,34,34,16,13,18,-5,31,13,18,9,4
KP Legia Warszawa,Legia Warszawa,2014/2015,Poland,4,2,2,0,2,1,1,1,1,0,1,0,1,1.75,2.0,1.5,14,35,35,31,10,5,5,15,7,8,5,5
AS Roma,Roma,2014/2015,Italy,6,3,3,0,1,1,0,2,0,2,3,2,1,0.83,1.0,0.67,25,36,36,45,8,14,-6,22,16,6,6,2
Sporting Clube de Portugal,Sporting CP,2014/2015,Portugal,6,3,3,0,2,2,0,1,0,1,3,1,2,1.17,2.0,0.33,17,37,37,37,12,12,0,24,11,13,7,5
Olympiakos CFP,Olympiakos Piraeus,2014/2015,Greece,6,3,3,0,3,3,0,0,0,0,3,0,3,1.5,3.0,0.0,14,38,38,24,10,13,-3,23,12,11,8,2
Club Atlético de Madrid,Atlético Madrid,2014/2015,Spain,10,5,5,0,5,4,1,2,1,1,3,0,3,1.7,2.6,0.8,6,39,39,8,15,5,10,20,11,9,11,4
Valletta FC,Valletta,2014/2015,Malta,1,0,1,0,0,0,0,0,0,0,1,0,1,0.0,0.0,0.0,31,40,40,74,0,4,-4,4,0,4,0,0
AFC Ajax,Ajax,2014/2015,Netherlands,6,3,3,0,1,1,0,2,1,1,3,1,2,0.83,1.33,0.33,22,41,41,42,8,10,-2,18,8,10,5,3
GNK Dinamo Zagreb,Dinamo Zagreb,2014/2015,Croatia,4,2,2,0,3,1,2,0,0,0,1,1,0,2.25,1.5,3.0,17,42,42,23,5,2,3,7,4,3,2,3
APOEL FC,APOEL,2014/2015,Cyprus,10,5,5,0,2,2,0,3,1,2,5,2,3,0.9,1.4,0.4,31,43,43,25,10,15,-5,25,13,12,7,3
Liverpool FC,Liverpool,2014/2015,England,6,3,3,0,1,1,0,2,1,1,3,1,2,0.83,1.33,0.33,24,44,44,44,5,9,-4,14,8,6,3,2
Chelsea FC,Chelsea,2014/2015,England,8,4,4,0,4,2,2,4,2,2,0,0,0,2.0,2.0,2.0,11,45,45,9,20,6,14,26,16,10,12,8
Galatasaray,Galatasaray,2014/2015,Turkey,6,3,3,0,0,0,0,1,1,0,5,2,3,0.17,0.33,0.0,32,46,46,68,4,19,-15,23,11,12,2,2
Athletic Club Bilbao,Athletic Club Bilbao,2014/2015,Spain,8,4,4,0,3,2,1,2,1,1,3,1,2,1.38,1.75,1.0,18,47,47,18,9,8,1,17,8,9,5,4
Strømsgodset IF,Strømsgodset,2014/2015,Norway,2,1,1,0,0,0,0,0,0,0,2,1,1,0.0,0.0,0.0,28,48,48,70,0,3,-3,3,1,2,0,0
Feyenoord Rotterdam,Feyenoord,2014/2015,Netherlands,2,1,1,0,0,0,0,0,0,0,2,1,1,0.0,0.0,0.0,30,49,49,72,2,5,-3,7,3,4,1,1
Helsingin Jalkapalloklubi,HJK,2014/2015,Finland,4,2,2,0,1,1,0,2,1,1,1,0,1,1.25,2.0,0.5,29,50,50,41,4,5,-1,9,7,2,4,0
Lille OSC Métropole,Lille,2014/2015,France,4,2,2,0,1,0,1,1,1,0,2,1,1,1.0,0.5,1.5,18,51,51,48,3,4,-1,7,3,4,1,2
Royal Standard de Liège,Standard Liège,2014/2015,Belgium,4,2,2,0,1,0,1,1,1,0,2,1,1,1.0,0.5,1.5,19,52,52,50,2,5,-3,7,1,6,0,2
Malmö FF,Malmö FF,2014/2015,Sweden,12,6,6,0,4,3,1,1,1,0,7,2,5,1.08,1.67,0.5,29,53,53,17,13,21,-8,34,11,23,7,6
FC Banants,Banants,2014/2015,Armenia,2,1,1,0,1,1,0,0,0,0,1,0,1,1.5,3.0,0.0,3,54,54,53,3,3,0,6,5,1,3,0
Grasshopper Club Zürich,Grasshopper,2014/2015,Switzerland,2,1,1,0,0,0,0,1,0,1,1,1,0,0.5,0.0,1.0,28,55,55,63,1,3,-2,4,2,2,0,1
FK Zenit St. Petersburg,Zenit,2014/2015,Russia,10,5,5,0,5,3,2,1,1,0,4,1,3,1.6,2.0,1.2,20,56,56,10,11,7,4,18,10,8,8,3
Maccabi Tel Aviv FC,Maccabi Tel Aviv,2014/2015,Israel,4,2,2,0,2,1,1,1,1,0,1,0,1,1.75,2.0,1.5,25,57,57,34,5,3,2,8,6,2,4,1
FK Partizan Beograd,Partizan,2014/2015,Serbia,4,2,2,0,2,1,1,2,1,1,0,0,0,2.0,2.0,2.0,22,58,58,26,8,3,5,11,7,4,5,3
Panathinaikos FC,Panathinaikos,2014/2015,Greece,2,1,1,0,0,0,0,1,0,1,1,1,0,0.5,0.0,1.0,23,59,59,58,1,2,-1,3,3,0,1,0
FK Ventspils,Ventspils,2014/2015,Latvia,2,1,1,0,0,0,0,1,0,1,1,1,0,0.5,0.0,1.0,19,60,60,57,0,1,-1,1,1,0,0,0
Tallinna FC Levadia,Tallinna FC Levadia,2014/2015,Estonia,4,2,2,0,2,1,1,1,1,0,1,0,1,1.75,2.0,1.5,25,61,61,36,9,8,1,17,9,8,8,1
NK Maribor,Maribor,2014/2015,Slovenia,12,6,6,0,3,2,1,6,3,3,3,1,2,1.25,1.5,1.0,28,62,62,13,11,16,-5,27,10,17,6,5
KS Skënderbeu Korçë,Skënderbeu Korçë,2014/2015,Albania,1,1,0,0,0,0,0,1,1,0,0,0,0,1.0,1.0,0.0,18,63,63,56,1,1,0,2,2,0,1,0
KR Reykjavík,KR,2014/2015,Iceland,2,1,1,0,0,0,0,0,0,0,2,1,1,0.0,0.0,0.0,33,64,64,76,0,5,-5,5,1,4,0,0
Aalborg BK,AaB,2014/2015,Denmark,4,2,2,0,1,0,1,1,1,0,2,1,1,1.0,0.5,1.5,17,65,65,51,3,6,-3,9,3,6,1,2
AEL Limassol,AEL,2014/2015,Cyprus,2,1,1,0,1,1,0,0,0,0,1,0,1,1.5,3.0,0.0,20,66,66,54,1,3,-2,4,1,3,1,0
Cliftonville FC,Cliftonville,2014/2015,Northern Ireland,2,1,1,0,0,0,0,1,1,0,1,0,1,0.5,1.0,0.0,21,67,67,60,0,2,-2,2,0,2,0,0
FK Sutjeska Nikšić,Sutjeska,2014/2015,Montenegro,1,1,0,0,0,0,0,0,0,0,1,1,0,0.0,0.0,0.0,29,68,68,71,0,3,-3,3,3,0,0,0
SP La Fiorita,La Fiorita,2014/2015,San Marino,2,1,1,0,0,0,0,0,0,0,2,1,1,0.0,0.0,0.0,6,69,69,77,0,8,-8,8,1,7,0,0
FC Dnipro Dnipropetrovsk,Dnipro Dnipropetrovsk,2014/2015,Ukraine,2,1,1,0,0,0,0,1,1,0,1,0,1,0.5,1.0,0.0,27,70,70,61,0,2,-2,2,0,2,0,0
FK Rabotnički Skopje,Rabotnički,2014/2015,FYR Macedonia,2,1,1,0,0,0,0,1,1,0,1,0,1,0.5,1.0,0.0,20,71,71,59,1,2,-1,3,0,3,0,1
St Patrick's Athletic FC,St Patrick's Athl.,2014/2015,Republic of Ireland,2,1,1,0,0,0,0,1,0,1,1,1,0,0.5,0.0,1.0,24,72,72,67,1,6,-5,7,5,2,0,1
ŠK Slovan Bratislava,Slovan Bratislava,2014/2015,Slovakia,5,2,3,0,2,1,1,2,1,1,1,0,1,1.6,2.0,1.33,16,73,73,27,5,5,0,10,5,5,3,2
FK Aktobe,Aktobe,2014/2015,Kazakhstan,4,2,2,0,2,1,1,1,1,0,1,0,1,1.75,2.0,1.5,26,74,74,32,7,4,3,11,7,4,5,2
Debreceni VSC,Debrecen,2014/2015,Hungary,4,2,2,0,2,2,0,1,0,1,1,0,1,1.75,3.0,0.5,18,75,75,35,4,3,1,7,3,4,3,1
HB Tórshavn,HB,2014/2015,Faroe Islands,4,2,2,0,1,1,0,1,0,1,2,1,1,1.0,1.5,0.5,34,76,76,49,7,9,-2,16,11,5,6,1
Celtic FC,Celtic,2015/2016,Scotland,6,3,3,0,4,3,1,1,0,1,1,0,1,2.17,3.0,1.33,11,0,0,15,10,5,5,15,8,7,6,4
FC Bayern München,Bayern München,2015/2016,Germany,12,6,6,0,8,6,2,2,0,2,2,0,2,2.17,3.0,1.33,3,1,1,2,30,11,19,41,25,16,21,9
Borussia VfL Mönchengladbach,Borussia M'gladbach,2015/2016,Germany,6,3,3,0,1,1,0,2,1,1,3,1,2,0.83,1.33,0.33,24,2,2,46,8,12,-4,20,11,9,6,2
Bayer 04 Leverkusen,Bayer Leverkusen,2015/2016,Germany,8,4,4,0,2,2,0,3,2,1,3,0,3,1.13,2.0,0.25,19,3,3,26,16,13,3,29,18,11,12,4
VfL Wolfsburg,Wolfsburg,2015/2016,Germany,10,5,5,0,7,5,2,0,0,0,3,0,3,2.1,3.0,1.2,6,4,4,6,15,11,4,26,11,15,9,6
AS Monaco FC,Monaco,2015/2016,Monaco,4,2,2,0,3,2,1,0,0,0,1,0,1,2.25,3.0,1.5,12,5,5,25,10,5,5,15,7,8,6,4
Olympique Lyonnais,Olympique Lyonnais,2015/2016,France,6,3,3,0,1,0,1,1,0,1,4,3,1,0.67,0.0,1.33,27,6,6,50,5,9,-4,14,6,8,1,4
Arsenal FC,Arsenal,2015/2016,England,8,4,4,0,3,2,1,0,0,0,5,2,3,1.13,1.5,0.75,16,7,7,29,13,15,-2,28,12,16,7,6
Don Denis FC Santa Coloma,FC Santa Coloma,2015/2016,Andorra,2,1,1,0,0,0,0,1,0,1,1,1,0,0.5,0.0,1.0,6,8,8,66,1,2,-1,3,3,0,1,0
B36 Tórshavn,B36,2015/2016,Faroe Islands,2,1,1,0,0,0,0,0,0,0,2,1,1,0.0,0.0,0.0,8,9,9,76,2,6,-4,8,3,5,1,1
Paris Saint-Germain FC,PSG,2015/2016,France,10,5,5,0,6,3,3,2,2,0,2,0,2,2.0,2.2,1.8,8,10,10,7,18,6,12,24,11,13,8,10
The New Saints FC,The New Saints,2015/2016,Wales,4,2,2,0,2,1,1,1,0,1,1,1,0,1.75,1.5,2.0,27,11,11,34,7,4,3,11,6,5,4,3
Dundalk FC,Dundalk,2015/2016,Republic of Ireland,2,1,1,0,0,0,0,1,1,0,1,0,1,0.5,1.0,0.0,26,12,12,65,1,2,-1,3,0,3,0,1
Qarabağ Ağdam FK,Qarabağ,2015/2016,Azerbaijan,4,2,2,0,1,0,1,2,2,0,1,0,1,1.25,1.0,1.5,21,13,13,40,1,1,0,2,0,2,0,1
FC Viktoria Plzeň,Viktoria Plzeň,2015/2016,Czech Republic,2,1,1,0,1,0,1,0,0,0,1,1,0,1.5,0.0,3.0,17,14,14,53,2,3,-1,5,2,3,0,2
SL Benfica,Benfica,2015/2016,Portugal,10,5,5,0,5,3,2,2,1,1,3,1,2,1.7,2.0,1.4,7,15,15,8,15,12,3,27,13,14,8,7
FC Basel 1893,Basel,2015/2016,Switzerland,4,2,2,0,2,1,1,2,1,1,0,0,0,2.0,2.0,2.0,15,16,16,32,7,4,3,11,5,6,3,4
FC Shakhtar Donetsk,Shakhtar Donetsk,2015/2016,Ukraine,10,5,5,0,3,2,1,2,1,1,5,2,3,1.1,1.4,0.8,29,17,17,22,13,16,-3,29,21,8,12,1
FK Astana,Astana,2015/2016,Kazakhstan,12,6,6,0,3,3,0,6,3,3,3,0,3,1.25,2.0,0.5,28,18,18,11,14,17,-3,31,20,11,12,2
FC Porto,Porto,2015/2016,Portugal,6,3,3,0,3,2,1,1,0,1,2,1,1,1.67,2.0,1.33,15,19,19,23,9,8,1,17,7,10,4,5
FC Barcelona,FC Barcelona,2015/2016,Spain,10,5,5,0,7,5,2,2,0,2,1,0,1,2.3,3.0,1.6,5,20,20,3,22,8,14,30,20,10,16,6
Real Madrid CF,Real Madrid,2015/2016,Spain,13,7,6,0,9,6,3,3,1,2,1,0,1,2.31,2.71,1.83,2,21,21,1,28,6,22,34,21,13,20,8
VMFD Žalgiris Vilnius,Žalgiris,2015/2016,Lithuania,2,1,1,0,0,0,0,1,0,1,1,1,0,0.5,0.0,1.0,25,22,22,64,0,1,-1,1,1,0,0,0
AC Sparta Praha,Sparta Praha,2015/2016,Czech Republic,2,1,1,0,0,0,0,1,0,1,1,1,0,0.5,0.0,1.0,25,23,23,68,4,5,-1,9,5,4,2,2
FC BATE Borisov,BATE,2015/2016,Belarus,12,6,6,0,4,4,0,4,1,3,4,1,3,1.33,2.17,0.5,25,24,24,9,11,16,-5,27,14,13,8,3
Juventus FC,Juventus,2015/2016,Italy,8,4,4,0,3,2,1,3,2,1,2,0,2,1.5,2.0,1.0,11,25,25,20,10,9,1,19,7,12,5,5
Manchester City FC,Manchester City,2015/2016,England,12,6,6,0,6,3,3,3,2,1,3,1,2,1.75,1.83,1.67,4,26,26,5,18,12,6,30,13,17,8,10
BSC Young Boys,Young Boys,2015/2016,Switzerland,2,1,1,0,0,0,0,0,0,0,2,1,1,0.0,0.0,0.0,30,27,27,78,1,7,-6,8,4,4,1,0
Club Brugge KV,Club Brugge,2015/2016,Belgium,4,2,2,0,1,1,0,0,0,0,3,1,2,0.75,1.5,0.0,20,28,28,60,5,9,-4,14,7,7,3,2
SC Fotbal Club FCSB SA,FCSB,2015/2016,Romania,4,2,2,0,1,0,1,1,1,0,2,1,1,1.0,0.5,1.5,26,29,29,49,7,8,-1,15,7,8,3,4
Sevilla FC,Sevilla FC,2015/2016,Spain,6,3,3,0,2,2,0,0,0,0,4,1,3,1.0,2.0,0.0,20,30,30,37,8,11,-3,19,8,11,5,3
FC Salzburg,Salzburg,2015/2016,Austria,2,1,1,0,1,1,0,0,0,0,1,0,1,1.5,3.0,0.0,16,31,31,52,2,3,-1,5,2,3,2,0
PFK CSKA Moskva,CSKA Moskva,2015/2016,Russia,10,5,5,0,3,2,1,2,2,0,5,1,4,1.1,1.6,0.6,26,32,32,21,14,16,-2,30,17,13,9,5
Lincoln Red Imps FC,Lincoln Red Imps,2015/2016,Gibraltar,3,2,1,0,1,0,1,1,1,0,1,1,0,1.33,0.5,3.0,31,33,33,48,2,3,-1,5,2,3,0,2
FK Vardar Skopje,Vardar,2015/2016,FYR Macedonia,1,1,0,0,0,0,0,1,1,0,0,0,0,1.0,1.0,0.0,23,34,34,62,1,1,0,2,2,0,1,0
Fenerbahçe,Fenerbahçe,2015/2016,Turkey,2,1,1,0,0,0,0,1,1,0,1,0,1,0.5,1.0,0.0,27,35,35,69,0,3,-3,3,0,3,0,0
FK AS Trenčín,Trenčín,2015/2016,Slovakia,2,1,1,0,1,0,1,0,0,0,1,1,0,1.5,0.0,3.0,18,36,36,55,3,4,-1,7,2,5,0,3
PFC Ludogorets 1945 Razgrad,Ludogorets,2015/2016,Bulgaria,1,0,1,0,0,0,0,0,0,0,1,0,1,0.0,0.0,0.0,30,37,37,72,1,2,-1,3,0,3,0,1
AS Roma,Roma,2015/2016,Italy,8,4,4,0,1,1,0,3,2,1,4,1,3,0.75,1.25,0.25,15,38,38,38,11,20,-9,31,9,22,4,7
Sporting Clube de Portugal,Sporting CP,2015/2016,Portugal,2,1,1,0,1,1,0,0,0,0,1,0,1,1.5,3.0,0.0,13,39,39,54,3,4,-1,7,3,4,2,1
Olympiakos CFP,Olympiakos Piraeus,2015/2016,Greece,6,3,3,0,3,1,2,0,0,0,3,2,1,1.5,1.0,2.0,17,40,40,31,6,13,-7,19,9,10,2,4
Club Atlético de Madrid,Atlético Madrid,2015/2016,Spain,13,6,7,0,6,4,2,4,1,3,3,1,2,1.69,2.17,1.29,1,41,41,4,17,8,9,25,12,13,10,7
AFC Ajax,Ajax,2015/2016,Netherlands,2,1,1,0,0,0,0,1,0,1,1,1,0,0.5,0.0,1.0,24,42,42,67,4,5,-1,9,5,4,2,2
PSV Eindhoven,PSV,2015/2016,Netherlands,8,4,4,0,3,3,0,3,1,2,2,0,2,1.5,2.5,0.5,9,43,43,19,8,7,1,15,8,7,6,2
GNK Dinamo Zagreb,Dinamo Zagreb,2015/2016,Croatia,12,6,6,0,4,2,2,3,2,1,5,2,3,1.25,1.33,1.17,30,44,44,12,17,21,-4,38,15,23,8,9
FC Dynamo Kyiv,Dynamo Kyiv,2015/2016,Ukraine,8,4,4,0,3,1,2,3,2,1,2,1,1,1.5,1.25,1.75,10,45,45,18,9,7,2,16,9,7,4,5
Crusaders FC,Crusaders,2015/2016,Northern Ireland,4,2,2,0,1,1,0,2,1,1,1,0,1,1.25,2.0,0.5,19,46,46,44,5,7,-2,12,5,7,3,2
APOEL FC,APOEL,2015/2016,Cyprus,5,2,3,0,1,0,1,2,1,1,2,1,1,1.0,0.5,1.33,17,47,47,43,4,5,-1,9,3,6,1,3
Manchester United FC,Manchester United,2015/2016,England,8,4,4,0,4,3,1,2,1,1,2,0,2,1.75,2.5,1.0,18,48,48,13,14,8,6,22,8,14,6,8
Chelsea FC,Chelsea,2015/2016,England,8,4,4,0,4,3,1,1,0,1,3,1,2,1.63,2.25,1.0,13,49,49,14,15,7,8,22,12,10,9,6
Galatasaray,Galatasaray,2015/2016,Turkey,6,3,3,0,1,1,0,2,1,1,3,1,2,0.83,1.33,0.33,23,50,50,45,6,10,-4,16,7,9,3,3
Valencia CF,Valencia CF,2015/2016,Spain,8,4,4,0,3,2,1,0,0,0,5,2,3,1.13,1.5,0.75,21,51,51,30,9,12,-3,21,14,7,7,2
Molde FK,Molde,2015/2016,Norway,4,2,2,0,1,1,0,2,1,1,1,0,1,1.25,2.0,0.5,20,52,52,39,9,5,4,14,11,3,8,1
Helsingin Jalkapalloklubi,HJK,2015/2016,Finland,3,2,1,0,1,1,0,1,1,0,1,0,1,1.33,2.0,0.0,23,53,53,47,4,4,0,8,1,7,1,3
SS Lazio,Lazio,2015/2016,Italy,2,1,1,0,1,1,0,0,0,0,1,0,1,1.5,3.0,0.0,14,54,54,56,1,3,-2,4,1,3,1,0
KAA Gent,KAA Gent,2015/2016,Belgium,8,4,4,0,3,2,1,1,1,0,4,1,3,1.25,1.75,0.75,14,55,55,24,10,11,-1,21,11,10,6,4
SK Rapid Wien,Rapid Wien,2015/2016,Austria,4,2,2,0,1,0,1,2,1,1,1,1,0,1.25,0.5,2.0,18,56,56,42,7,7,0,14,5,9,2,5
Malmö FF,Malmö FF,2015/2016,Sweden,12,6,6,0,4,3,1,1,1,0,7,2,5,1.08,1.67,0.5,31,57,57,17,9,26,-17,35,13,22,6,3
Pyunik FC,Pyunik,2015/2016,Armenia,4,2,2,0,3,2,1,0,0,0,1,0,1,2.25,3.0,1.5,21,58,58,28,5,7,-2,12,4,8,3,2
FK Zenit St. Petersburg,Zenit,2015/2016,Russia,8,4,4,0,5,3,2,0,0,0,3,1,2,1.88,2.25,1.5,12,59,59,10,14,9,5,23,12,11,8,6
FC Midtjylland,Midtjylland,2015/2016,Denmark,3,1,2,0,2,0,2,0,0,0,1,1,0,2.0,0.0,3.0,15,60,60,35,4,2,2,6,3,3,1,3
Maccabi Tel Aviv FC,Maccabi Tel Aviv,2015/2016,Israel,12,6,6,0,2,1,1,2,1,1,8,4,4,0.67,0.67,0.67,32,61,61,33,13,24,-11,37,21,16,8,5
FK Partizan Beograd,Partizan,2015/2016,Serbia,6,3,3,0,4,3,1,1,0,1,1,0,1,2.17,3.0,1.33,10,62,62,16,10,5,5,15,10,5,7,3
FC Dila Gori,Dila,2015/2016,Georgia,2,1,1,0,0,0,0,0,0,0,2,1,1,0.0,0.0,0.0,32,63,63,74,0,3,-3,3,2,1,0,0
Paola Hibernians FC,Hibernians,2015/2016,Malta,2,1,1,0,1,1,0,0,0,0,1,0,1,1.5,3.0,0.0,20,64,64,59,3,6,-3,9,3,6,2,1
Panathinaikos FC,Panathinaikos,2015/2016,Greece,2,1,1,0,1,1,0,0,0,0,1,0,1,1.5,3.0,0.0,18,65,65,57,2,4,-2,6,3,3,2,0
KKS Lech Poznań,Lech Poznań,2015/2016,Poland,4,2,2,0,2,1,1,0,0,0,2,1,1,1.5,1.5,1.5,28,66,66,36,4,4,0,8,5,3,2,2
Videoton FC Fehérvár,Videoton,2015/2016,Hungary,4,2,2,0,1,0,1,2,2,0,1,0,1,1.25,1.0,1.5,22,67,67,41,3,3,0,6,4,2,2,1
FK Ventspils,Ventspils,2015/2016,Latvia,1,0,1,0,0,0,0,0,0,0,1,0,1,0.0,0.0,0.0,29,68,68,71,0,1,-1,1,0,1,0,0
FC Milsami Orhei,Milsami,2015/2016,Moldova,3,2,1,0,1,1,0,0,0,0,2,1,1,1.0,1.5,0.0,29,69,69,58,2,5,-3,7,5,2,2,0
Tallinna FC Levadia,Tallinna FC Levadia,2015/2016,Estonia,2,1,1,0,0,0,0,2,1,1,0,0,0,1.0,1.0,1.0,5,70,70,61,1,1,0,2,2,0,1,0
FK Rudar Pljevlja,Rudar,2015/2016,Montenegro,2,1,1,0,0,0,0,1,0,1,1,1,0,0.5,0.0,1.0,24,71,71,63,0,1,-1,1,1,0,0,0
FK Sarajevo,Sarajevo,2015/2016,Bosnia and Herzegovina,2,1,1,0,0,0,0,0,0,0,2,1,1,0.0,0.0,0.0,33,72,72,75,0,3,-3,3,2,1,0,0
S.S. Folgore Calcio,S.S. Folgore,2015/2016,San Marino,2,1,1,0,0,0,0,0,0,0,2,1,1,0.0,0.0,0.0,7,73,73,73,2,4,-2,6,3,3,1,1
NK Maribor,Maribor,2015/2016,Slovenia,2,1,1,0,1,1,0,0,0,0,1,0,1,1.5,3.0,0.0,17,74,74,51,2,3,-1,5,1,4,1,1
KS Skënderbeu Korçë,Skënderbeu Korçë,2015/2016,Albania,6,3,3,0,3,2,1,0,0,0,3,1,2,1.5,2.0,1.0,19,75,75,27,12,10,2,22,10,12,7,5
UMF Stjarnan,Stjarnan,2015/2016,Iceland,2,1,1,0,0,0,0,0,0,0,2,1,1,0.0,0.0,0.0,34,76,76,77,1,6,-5,7,5,2,1,0
CS Fola Esch,Fola Esch,2015/2016,Luxembourg,2,1,1,0,0,0,0,1,0,1,1,1,0,0.5,0.0,1.0,28,77,77,70,1,4,-3,5,3,2,0,1
Celtic FC,Celtic,2016/2017,Scotland,12,6,6,0,3,3,0,4,1,3,5,2,3,1.08,1.67,0.5,4,0,0,20,16,23,-7,39,23,16,13,3
BVB 09 Borussia Dortmund,Borussia Dortmund,2016/2017,Germany,10,5,5,0,5,3,2,2,1,1,3,1,2,1.7,2.0,1.4,1,1,1,9,28,16,12,44,26,18,17,11
FC Bayern München,Bayern München,2016/2017,Germany,10,5,5,0,6,4,2,0,0,0,4,1,3,1.8,2.4,1.2,2,2,2,7,27,14,13,41,20,21,16,11
Borussia VfL Mönchengladbach,Borussia M'gladbach,2016/2017,Germany,8,4,4,0,3,1,2,2,2,0,3,1,2,1.38,1.25,1.5,3,3,3,23,14,14,0,28,14,14,9,5
Bayer 04 Leverkusen,Bayer Leverkusen,2016/2017,Germany,8,4,4,0,2,1,1,5,2,3,1,1,0,1.38,1.25,1.5,2,4,4,21,10,8,2,18,13,5,7,3
FH Hafnarfjördur,FH,2016/2017,Iceland,2,1,1,0,0,0,0,2,1,1,0,0,0,1.0,1.0,1.0,0,5,5,56,3,3,0,6,4,2,2,1
FC København,København,2016/2017,Denmark,12,6,6,0,6,4,2,5,2,3,1,0,1,1.92,2.33,1.5,3,6,6,5,22,4,18,26,14,12,14,8
AS Monaco FC,Monaco,2016/2017,Monaco,16,8,8,0,9,6,3,2,1,1,5,1,4,1.81,2.38,1.25,1,7,7,3,29,24,5,53,23,30,16,13
Olympique Lyonnais,Olympique Lyonnais,2016/2017,France,6,3,3,0,2,1,1,2,1,1,2,1,1,1.33,1.33,1.33,3,8,8,27,5,3,2,8,4,4,3,2
Hapoel Be'er Sheva FC,Hapoel Be'er Sheva,2016/2017,Israel,6,3,3,0,3,3,0,2,0,2,1,0,1,1.83,3.0,0.67,0,9,9,22,8,7,1,15,8,7,6,2
Arsenal FC,Arsenal,2016/2017,England,8,4,4,0,4,2,2,2,1,1,2,1,1,1.75,1.75,1.75,1,10,10,16,20,16,4,36,18,18,11,9
FK Sheriff Tiraspol,Sheriff,2016/2017,Moldova,2,1,1,0,0,0,0,1,1,0,1,0,1,0.5,1.0,0.0,0,11,11,63,2,3,-1,5,0,5,0,2
RSC Anderlecht,RSC Anderlecht,2016/2017,Belgium,2,1,1,0,0,0,0,1,0,1,1,1,0,0.5,0.0,1.0,0,12,12,67,2,4,-2,6,2,4,0,2
KF Partizani Tirana,Partizani Tirana,2016/2017,Albania,4,2,2,0,0,0,0,2,1,1,2,1,1,0.5,0.5,0.5,0,13,13,57,2,5,-3,7,3,4,1,1
FK Liepāja,Liepāja,2016/2017,Latvia,2,1,1,0,0,0,0,0,0,0,2,1,1,0.0,0.0,0.0,0,14,14,74,0,3,-3,3,2,1,0,0
Don Denis FC Santa Coloma,FC Santa Coloma,2016/2017,Andorra,2,1,1,0,0,0,0,1,1,0,1,0,1,0.5,1.0,0.0,0,15,15,69,0,3,-3,3,0,3,0,0
AFC Astra,Astra,2016/2017,Romania,2,1,1,0,0,0,0,1,1,0,1,0,1,0.5,1.0,0.0,0,16,16,70,1,4,-3,5,2,3,1,0
B36 Tórshavn,B36,2016/2017,Faroe Islands,2,1,1,0,1,1,0,0,0,0,1,0,1,1.5,3.0,0.0,0,17,17,44,2,2,0,4,3,1,2,0
FK Mladost Podgorica,Mladost,2016/2017,Montenegro,2,1,1,0,0,0,0,0,0,0,2,1,1,0.0,0.0,0.0,0,18,18,76,0,5,-5,5,3,2,0,0
Paris Saint-Germain FC,PSG,2016/2017,France,8,4,4,0,4,2,2,3,2,1,1,0,1,1.88,2.0,1.75,2,19,19,15,18,13,5,31,13,18,10,8
The New Saints FC,The New Saints,2016/2017,Wales,4,2,2,0,2,1,1,1,1,0,1,0,1,1.75,2.0,1.5,0,20,20,28,5,4,1,9,3,6,2,3
Red Star Belgrade,Red Star Belgrade,2016/2017,Serbia,4,2,2,0,2,1,1,1,0,1,1,1,0,1.75,1.5,2.0,0,21,21,31,8,8,0,16,9,7,4,4
FK Rostov,Rostov,2016/2017,Russia,10,5,5,0,3,2,1,4,2,2,3,1,2,1.3,1.6,1.0,3,22,22,19,15,16,-1,31,19,12,11,4
Rosenborg BK,Rosenborg,2016/2017,Norway,4,2,2,0,2,2,0,0,0,0,2,0,2,1.5,3.0,0.0,0,23,23,36,7,8,-1,15,7,8,5,2
Dundalk FC,Dundalk,2016/2017,Republic of Ireland,6,3,3,0,1,1,0,3,1,2,2,1,1,1.0,1.33,0.67,0,24,24,34,7,7,0,14,7,7,4,3
SSC Napoli,Napoli,2016/2017,Italy,8,4,4,0,3,1,2,2,1,1,3,2,1,1.38,1.0,1.75,1,25,25,24,13,14,-1,27,15,12,7,6
Qarabağ Ağdam FK,Qarabağ,2016/2017,Azerbaijan,4,2,2,0,1,1,0,3,1,2,0,0,0,1.5,2.0,1.0,0,26,26,33,4,2,2,6,4,2,3,1
Villarreal CF,Villarreal,2016/2017,Spain,2,1,1,0,0,0,0,0,0,0,2,1,1,0.0,0.0,0.0,0,27,27,72,1,3,-2,4,3,1,1,0
FC Viktoria Plzeň,Viktoria Plzeň,2016/2017,Czech Republic,4,2,2,0,0,0,0,3,2,1,1,0,1,0.75,1.0,0.5,0,28,28,50,3,5,-2,8,4,4,2,1
SL Benfica,Benfica,2016/2017,Portugal,8,4,4,0,3,2,1,2,1,1,3,1,2,1.38,1.75,1.0,2,29,29,25,11,14,-3,25,7,18,4,7
FC Basel 1893,Basel,2016/2017,Switzerland,6,3,3,0,0,0,0,2,1,1,4,2,2,0.33,0.33,0.33,4,30,30,59,3,12,-9,15,10,5,3,0
FC Shakhtar Donetsk,Shakhtar Donetsk,2016/2017,Ukraine,2,1,1,0,1,1,0,0,0,0,1,0,1,1.5,3.0,0.0,0,31,31,45,2,2,0,4,2,2,2,0
FK Astana,Astana,2016/2017,Kazakhstan,4,2,2,0,1,1,0,2,1,1,1,0,1,1.25,2.0,0.5,0,32,32,39,4,4,0,8,5,3,3,1
FC Porto,Porto,2016/2017,Portugal,10,5,5,0,4,2,2,3,2,1,3,1,2,1.5,1.6,1.4,2,33,33,14,13,7,6,20,12,8,8,5
FC Barcelona,FC Barcelona,2016/2017,Spain,10,5,5,0,6,4,2,1,1,0,3,0,3,1.9,2.6,1.2,1,34,34,6,26,12,14,38,22,16,21,5
Real Madrid CF,Real Madrid,2016/2017,Spain,13,6,7,0,9,5,4,3,1,2,1,0,1,2.31,2.67,2.0,2,35,35,1,36,18,18,54,26,28,19,17
VMFD Žalgiris Vilnius,Žalgiris,2016/2017,Lithuania,2,1,1,0,0,0,0,1,1,0,1,0,1,0.5,1.0,0.0,0,36,36,61,1,2,-1,3,0,3,0,1
AC Sparta Praha,Sparta Praha,2016/2017,Czech Republic,2,1,1,0,0,0,0,1,1,0,1,0,1,0.5,1.0,0.0,0,37,37,65,1,3,-2,4,2,2,1,0
FC BATE Borisov,BATE,2016/2017,Belarus,4,2,2,0,2,2,0,1,0,1,1,0,1,1.75,3.0,0.5,0,38,38,29,5,5,0,10,3,7,3,2
Tallinna FC Flora,Tallinna FC Flora,2016/2017,Estonia,2,1,1,0,1,1,0,0,0,0,1,0,1,1.5,3.0,0.0,0,39,39,47,2,3,-1,5,3,2,2,0
FC Dinamo Tbilisi,Dinamo Tbilisi,2016/2017,Georgia,4,2,2,0,1,1,0,1,0,1,2,1,1,1.0,1.5,0.5,0,40,40,41,3,4,-1,7,3,4,2,1
Juventus FC,Juventus,2016/2017,Italy,13,7,6,0,9,4,5,3,2,1,1,1,0,2.31,2.0,2.67,1,41,41,2,22,7,15,29,16,13,10,12
HŠK Zrinjski Mostar,Zrinjski,2016/2017,Bosnia and Herzegovina,2,1,1,0,0,0,0,1,1,0,1,0,1,0.5,1.0,0.0,0,42,42,66,1,3,-2,4,2,2,1,0
Tottenham Hotspur FC,Tottenham Hotspur,2016/2017,England,6,3,3,0,2,1,1,1,0,1,3,2,1,1.17,1.0,1.33,3,43,43,30,6,6,0,12,8,4,4,2
Manchester City FC,Manchester City,2016/2017,England,10,5,5,0,5,4,1,3,1,2,2,0,2,1.8,2.6,1.0,2,44,44,8,24,16,8,40,19,21,14,10
BSC Young Boys,Young Boys,2016/2017,Switzerland,4,2,2,0,1,1,0,0,0,0,3,1,2,0.75,1.5,0.0,0,45,45,54,4,11,-7,15,6,9,3,1
Club Brugge KV,Club Brugge,2016/2017,Belgium,6,3,3,0,0,0,0,0,0,0,6,3,3,0.0,0.0,0.0,4,46,46,78,2,14,-12,16,8,8,1,1
Alashkert FC,Alashkert,2016/2017,Armenia,4,2,2,0,1,1,0,2,1,1,1,0,1,1.25,2.0,0.5,0,47,47,38,4,3,1,7,5,2,4,0
SC Fotbal Club FCSB SA,FCSB,2016/2017,Romania,4,2,2,0,1,1,0,1,0,1,2,1,1,1.0,1.5,0.5,0,48,48,43,3,7,-4,10,7,3,2,1
Sevilla FC,Sevilla FC,2016/2017,Spain,8,4,4,0,4,3,1,2,0,2,2,1,1,1.75,2.25,1.25,2,49,49,17,9,6,3,15,12,3,8,1
SP Tre Penne,Tre Penne,2016/2017,San Marino,2,1,1,0,0,0,0,0,0,0,2,1,1,0.0,0.0,0.0,0,50,50,75,1,5,-4,6,3,3,0,1
FC Salzburg,Salzburg,2016/2017,Austria,6,3,3,0,4,2,2,1,0,1,1,1,0,2.17,2.0,2.33,0,51,51,18,8,3,5,11,6,5,4,4
PFK CSKA Moskva,CSKA Moskva,2016/2017,Russia,6,3,3,0,0,0,0,3,2,1,3,1,2,0.5,0.67,0.33,4,52,52,53,5,11,-6,16,5,11,2,3
Seinäjoen Jalkapallokerho,SJK,2016/2017,Finland,2,1,1,0,0,0,0,1,1,0,1,0,1,0.5,1.0,0.0,0,53,53,68,2,4,-2,6,4,2,2,0
Lincoln Red Imps FC,Lincoln Red Imps,2016/2017,Gibraltar,4,2,2,0,2,2,0,0,0,0,2,0,2,1.5,3.0,0.0,0,54,54,35,4,5,-1,9,3,6,3,1
FK Vardar Skopje,Vardar,2016/2017,FYR Macedonia,2,1,1,0,0,0,0,0,0,0,2,1,1,0.0,0.0,0.0,0,55,55,73,3,5,-2,8,3,5,1,2
Fenerbahçe,Fenerbahçe,2016/2017,Turkey,2,1,1,0,1,1,0,0,0,0,1,0,1,1.5,3.0,0.0,0,56,56,48,3,4,-1,7,3,4,2,1
PAOK Thessaloniki FC,PAOK,2016/2017,Greece,2,1,1,0,0,0,0,1,0,1,1,1,0,0.5,0.0,1.0,0,57,57,62,2,3,-1,5,3,2,1,1
F91 Dudelange,F91 Dudelange,2016/2017,Luxembourg,2,1,1,0,0,0,0,1,1,0,1,0,1,0.5,1.0,0.0,0,58,58,64,1,3,-2,4,2,2,1,0
Leicester City FC,Leicester City,2016/2017,England,10,5,5,0,5,4,1,2,1,1,3,0,3,1.7,2.6,0.8,1,59,59,10,11,10,1,21,9,12,7,4
Beşiktaş,Beşiktaş,2016/2017,Turkey,6,3,3,0,1,0,1,4,3,1,1,0,1,1.17,1.0,1.33,3,60,60,32,9,14,-5,23,10,13,5,4
FK AS Trenčín,Trenčín,2016/2017,Slovakia,4,2,2,0,1,0,1,1,0,1,2,2,0,1.0,0.0,2.0,0,61,61,42,6,7,-1,13,6,7,2,4
PFC Ludogorets 1945 Razgrad,Ludogorets,2016/2017,Bulgaria,12,6,6,0,4,2,2,5,2,3,3,2,1,1.42,1.33,1.5,3,62,62,11,21,21,0,42,17,25,9,12
KP Legia Warszawa,Legia Warszawa,2016/2017,Poland,12,6,6,0,4,2,2,4,3,1,4,1,3,1.33,1.5,1.17,3,63,63,13,16,26,-10,42,17,25,7,9
AS Roma,Roma,2016/2017,Italy,2,1,1,0,0,0,0,1,0,1,1,1,0,0.5,0.0,1.0,0,64,64,71,1,4,-3,5,3,2,0,1
Sporting Clube de Portugal,Sporting CP,2016/2017,Portugal,6,3,3,0,1,1,0,0,0,0,5,2,3,0.5,1.0,0.0,4,65,65,52,5,8,-3,13,8,5,4,1
NK Olimpija Ljubljana,Olimpija,2016/2017,Slovenia,2,1,1,0,1,0,1,0,0,0,1,1,0,1.5,0.0,3.0,0,66,66,46,6,6,0,12,7,5,3,3
Olympiakos CFP,Olympiakos Piraeus,2016/2017,Greece,2,1,1,0,0,0,0,1,1,0,1,0,1,0.5,1.0,0.0,0,67,67,60,0,1,-1,1,0,1,0,0
Club Atlético de Madrid,Atlético Madrid,2016/2017,Spain,12,6,6,0,8,5,3,2,1,1,2,0,2,2.17,2.67,1.67,1,68,68,4,15,9,6,24,10,14,8,7
Valletta FC,Valletta,2016/2017,Malta,4,2,2,0,1,1,0,0,0,0,3,1,2,0.75,1.5,0.0,0,69,69,51,4,6,-2,10,4,6,2,2
Ferencvárosi TC,Ferencváros,2016/2017,Hungary,2,1,1,0,0,0,0,2,1,1,0,0,0,1.0,1.0,1.0,0,70,70,55,2,2,0,4,2,2,1,1
AFC Ajax,Ajax,2016/2017,Netherlands,4,2,2,0,1,0,1,2,2,0,1,0,1,1.25,1.0,1.5,0,71,71,40,5,7,-2,12,4,8,2,3
PSV Eindhoven,PSV,2016/2017,Netherlands,6,3,3,0,0,0,0,2,1,1,4,2,2,0.33,0.33,0.33,4,72,72,58,4,11,-7,15,4,11,1,3
GNK Dinamo Zagreb,Dinamo Zagreb,2016/2017,Croatia,12,6,6,0,5,2,3,1,1,0,6,3,3,1.33,1.17,1.5,4,73,73,12,11,20,-9,31,15,16,6,5
FC Dynamo Kyiv,Dynamo Kyiv,2016/2017,Ukraine,6,3,3,0,1,1,0,2,0,2,3,2,1,0.83,1.0,0.67,4,74,74,37,8,6,2,14,11,3,7,1
Crusaders FC,Crusaders,2016/2017,Northern Ireland,2,1,1,0,0,0,0,0,0,0,2,1,1,0.0,0.0,0.0,0,75,75,77,0,9,-9,9,3,6,0,0
IFK Norrköping,Norrköping,2016/2017,Sweden,2,1,1,0,1,1,0,0,0,0,1,0,1,1.5,3.0,0.0,0,76,76,49,4,5,-1,9,5,4,3,1
APOEL FC,APOEL,2016/2017,Cyprus,6,3,3,0,2,2,0,2,1,1,2,0,2,1.33,2.33,0.33,0,77,77,26,8,4,4,12,8,4,7,1
Celtic FC,Celtic,2017/2018,Scotland,12,6,6,0,5,2,3,1,1,0,6,3,3,1.33,1.17,1.5,3,0,0,12,20,22,-2,42,18,24,10,10
BVB 09 Borussia Dortmund,Borussia Dortmund,2017/2018,Germany,6,3,3,0,0,0,0,2,1,1,4,2,2,0.33,0.33,0.33,3,1,1,60,7,13,-6,20,9,11,3,4
FC Bayern München,Bayern München,2017/2018,Germany,12,6,6,0,8,4,4,2,1,1,2,1,1,2.17,2.17,2.17,2,2,2,3,26,12,14,38,18,20,15,11
Rasen Ballsport Leipzig,RB Leipzig,2017/2018,Germany,6,3,3,0,2,1,1,1,1,0,3,1,2,1.17,1.33,1.0,3,3,3,35,10,11,-1,21,10,11,5,5
TSG 1899 Hoffenheim,Hoffenheim,2017/2018,Germany,2,1,1,0,0,0,0,0,0,0,2,1,1,0.0,0.0,0.0,0,4,4,75,3,6,-3,9,3,6,1,2
FH Hafnarfjördur,FH,2017/2018,Iceland,4,2,2,0,1,0,1,1,1,0,2,1,1,1.0,0.5,1.5,0,5,5,44,3,3,0,6,3,3,1,2
FC København,København,2017/2018,Denmark,6,3,3,0,3,2,1,0,0,0,3,1,2,1.5,2.0,1.0,0,6,6,28,10,7,3,17,11,6,7,3
AS Monaco FC,Monaco,2017/2018,Monaco,6,3,3,0,0,0,0,2,0,2,4,3,1,0.33,0.0,0.67,4,7,7,61,6,16,-10,22,11,11,2,4
Hapoel Be'er Sheva FC,Hapoel Be'er Sheva,2017/2018,Israel,6,3,3,0,4,3,1,0,0,0,2,0,2,2.0,3.0,1.0,0,8,8,22,10,8,2,18,8,10,6,4
FK Sheriff Tiraspol,Sheriff,2017/2018,Moldova,4,2,2,0,1,1,0,1,0,1,2,1,1,1.0,1.5,0.5,0,9,9,45,3,4,-1,7,4,3,2,1
RSC Anderlecht,RSC Anderlecht,2017/2018,Belgium,6,3,3,0,1,0,1,0,0,0,5,3,2,0.5,0.0,1.0,4,10,10,57,2,17,-15,19,10,9,1,1
Don Denis FC Santa Coloma,FC Santa Coloma,2017/2018,Andorra,2,1,1,0,0,0,0,1,1,0,1,0,1,0.5,1.0,0.0,0,11,11,63,1,2,-1,3,2,1,1,0
Paris Saint-Germain FC,PSG,2017/2018,France,8,4,4,0,5,3,2,0,0,0,3,1,2,1.88,2.25,1.5,1,12,12,14,27,9,18,36,19,17,16,11
The New Saints FC,The New Saints,2017/2018,Wales,4,2,2,0,1,0,1,0,0,0,3,2,1,0.75,0.0,1.5,0,13,13,55,5,10,-5,15,9,6,2,3
Rosenborg BK,Rosenborg,2017/2018,Norway,4,2,2,0,1,1,0,2,0,2,1,1,0,1.25,1.5,1.0,0,14,14,40,3,3,0,6,4,2,2,1
Dundalk FC,Dundalk,2017/2018,Republic of Ireland,2,1,1,0,0,0,0,1,1,0,1,0,1,0.5,1.0,0.0,0,15,15,65,2,3,-1,5,2,3,1,1
SSC Napoli,Napoli,2017/2018,Italy,8,4,4,0,4,3,1,0,0,0,4,1,3,1.5,2.25,0.75,3,16,16,21,15,11,4,26,15,11,10,5
Qarabağ Ağdam FK,Qarabağ,2017/2018,Azerbaijan,12,6,6,0,4,2,2,3,2,1,5,2,3,1.25,1.33,1.17,4,17,17,17,12,17,-5,29,13,16,7,5
FC Viktoria Plzeň,Viktoria Plzeň,2017/2018,Czech Republic,2,1,1,0,0,0,0,1,0,1,1,1,0,0.5,0.0,1.0,0,18,18,70,3,6,-3,9,5,4,1,2
SL Benfica,Benfica,2017/2018,Portugal,6,3,3,0,0,0,0,0,0,0,6,3,3,0.0,0.0,0.0,4,19,19,79,1,14,-13,15,6,9,1,0
FC Basel 1893,Basel,2017/2018,Switzerland,8,4,4,0,5,2,3,0,0,0,3,2,1,1.88,1.5,2.25,2,20,20,15,13,10,3,23,13,10,7,6
FC Shakhtar Donetsk,Shakhtar Donetsk,2017/2018,Ukraine,8,4,4,0,5,4,1,0,0,0,3,0,3,1.88,3.0,0.75,2,21,21,16,11,11,0,22,13,9,9,2
FK Astana,Astana,2017/2018,Kazakhstan,6,3,3,0,3,2,1,1,1,0,2,0,2,1.67,2.33,1.0,0,22,22,26,9,11,-2,20,13,7,8,1
FC Porto,Porto,2017/2018,Portugal,8,4,4,0,3,2,1,2,0,2,3,2,1,1.38,1.5,1.25,2,23,23,24,15,15,0,30,20,10,9,6
FC Barcelona,FC Barcelona,2017/2018,Spain,10,5,5,0,6,5,1,3,0,3,1,0,1,2.1,3.0,1.2,1,24,24,4,17,6,11,23,17,6,15,2
Real Madrid CF,Real Madrid,2017/2018,Spain,13,7,6,0,9,4,5,2,2,0,2,1,1,2.23,2.0,2.5,2,25,25,2,33,16,17,49,26,23,16,17
VMFD Žalgiris Vilnius,Žalgiris,2017/2018,Lithuania,2,1,1,0,1,1,0,0,0,0,1,0,1,1.5,3.0,0.0,0,26,26,52,3,5,-2,8,3,5,2,1
FC BATE Borisov,BATE,2017/2018,Belarus,4,2,2,0,2,1,1,1,1,0,1,0,1,1.75,2.0,1.5,0,27,27,31,6,4,2,10,5,5,3,3
Juventus FC,Juventus,2017/2018,Italy,10,5,5,0,5,2,3,3,2,1,2,1,1,1.8,1.6,2.0,2,28,28,8,14,12,2,26,12,14,6,8
HŠK Zrinjski Mostar,Zrinjski,2017/2018,Bosnia and Herzegovina,2,1,1,0,0,0,0,1,0,1,1,1,0,0.5,0.0,1.0,0,29,29,66,2,3,-1,5,3,2,1,1
Tottenham Hotspur FC,Tottenham Hotspur,2017/2018,England,8,4,4,0,5,3,2,2,0,2,1,1,0,2.13,2.25,2.0,1,30,30,10,18,8,10,26,14,12,10,8
Manchester City FC,Manchester City,2017/2018,England,10,5,5,0,6,3,3,0,0,0,4,2,2,1.8,1.8,1.8,1,31,31,7,20,12,8,32,12,20,7,13
BSC Young Boys,Young Boys,2017/2018,Switzerland,4,2,2,0,1,1,0,0,0,0,3,1,2,0.75,1.5,0.0,0,32,32,54,3,6,-3,9,3,6,2,1
Club Brugge KV,Club Brugge,2017/2018,Belgium,2,1,1,0,0,0,0,1,1,0,1,0,1,0.5,1.0,0.0,0,33,33,69,3,5,-2,8,6,2,3,0
Alashkert FC,Alashkert,2017/2018,Armenia,4,2,2,0,1,1,0,2,0,2,1,1,0,1.25,1.5,1.0,0,34,34,42,4,5,-1,9,5,4,2,2
SC Fotbal Club FCSB SA,FCSB,2017/2018,Romania,4,2,2,0,1,0,1,2,1,1,1,1,0,1.25,0.5,2.0,0,35,35,43,7,8,-1,15,10,5,3,4
Sevilla FC,Sevilla FC,2017/2018,Spain,12,6,6,0,4,2,2,6,3,3,2,1,1,1.5,1.5,1.5,2,36,36,9,19,18,1,37,19,18,11,8
FC Salzburg,Salzburg,2017/2018,Austria,4,2,2,0,2,1,1,2,1,1,0,0,0,2.0,2.0,2.0,0,37,37,29,7,1,6,8,5,3,4,3
PFK CSKA Moskva,CSKA Moskva,2017/2018,Russia,10,5,5,0,7,3,4,0,0,0,3,2,1,2.1,1.8,2.4,3,38,38,5,14,10,4,24,12,12,6,8
FK Vardar Skopje,Vardar,2017/2018,FYR Macedonia,4,2,2,0,2,2,0,1,0,1,1,0,1,1.75,3.0,0.5,0,39,39,34,6,6,0,12,5,7,4,2
F91 Dudelange,F91 Dudelange,2017/2018,Luxembourg,2,1,1,0,0,0,0,0,0,0,2,1,1,0.0,0.0,0.0,0,40,40,71,0,2,-2,2,1,1,0,0
Beşiktaş,Beşiktaş,2017/2018,Turkey,8,4,4,0,4,1,3,2,2,0,2,1,1,1.75,1.25,2.25,1,41,41,19,12,13,-1,25,10,15,5,7
PFC Ludogorets 1945 Razgrad,Ludogorets,2017/2018,Bulgaria,4,2,2,0,2,2,0,0,0,0,2,0,2,1.5,3.0,0.0,0,42,42,36,8,6,2,14,9,5,7,1
KP Legia Warszawa,Legia Warszawa,2017/2018,Poland,4,2,2,0,3,2,1,0,0,0,1,0,1,2.25,3.0,1.5,0,43,43,27,11,3,8,14,7,7,7,4
AS Roma,Roma,2017/2018,Italy,12,6,6,0,6,5,1,2,1,1,4,0,4,1.67,2.67,0.67,2,44,44,6,21,19,2,40,14,26,12,9
Sporting Clube de Portugal,Sporting CP,2017/2018,Portugal,8,4,4,0,3,1,2,2,2,0,3,1,2,1.38,1.25,1.5,3,45,45,23,13,10,3,23,7,16,4,9
Olympiakos CFP,Olympiakos Piraeus,2017/2018,Greece,10,5,5,0,3,1,2,2,2,0,5,2,3,1.1,1.0,1.2,4,46,46,25,12,17,-5,29,14,15,6,6
Club Atlético de Madrid,Atlético Madrid,2017/2018,Spain,6,3,3,0,1,1,0,4,1,3,1,1,0,1.17,1.33,1.0,3,47,47,33,5,4,1,9,7,2,4,1
AFC Ajax,Ajax,2017/2018,Netherlands,2,1,1,0,0,0,0,2,1,1,0,0,0,1.0,1.0,1.0,0,48,48,58,3,3,0,6,4,2,2,1
FC Dynamo Kyiv,Dynamo Kyiv,2017/2018,Ukraine,2,1,1,0,1,1,0,0,0,0,1,0,1,1.5,3.0,0.0,0,49,49,49,3,3,0,6,4,2,3,0
APOEL FC,APOEL,2017/2018,Cyprus,12,6,6,0,4,3,1,3,1,2,5,2,3,1.25,1.67,0.83,4,50,50,18,10,18,-8,28,18,10,8,2
Manchester United FC,Manchester United,2017/2018,England,8,4,4,0,5,3,2,1,0,1,2,1,1,2.0,2.25,1.75,1,51,51,11,13,5,8,18,11,7,8,5
Liverpool FC,Liverpool,2017/2018,England,15,7,8,0,9,5,4,4,2,2,2,0,2,2.07,2.43,1.75,1,52,52,1,47,19,28,66,30,36,24,23
Chelsea FC,Chelsea,2017/2018,England,8,4,4,0,3,1,2,3,3,0,2,0,2,1.5,1.5,1.5,1,53,53,20,17,12,5,29,16,13,11,6
İstanbul Başakşehir FK,İstanbul Başakşehir,2017/2018,Turkey,4,2,2,0,1,1,0,2,0,2,1,1,0,1.25,1.5,1.0,0,54,54,39,8,7,1,15,5,10,3,5
Feyenoord Rotterdam,Feyenoord,2017/2018,Netherlands,6,3,3,0,1,1,0,0,0,0,5,2,3,0.5,1.0,0.0,4,55,55,56,5,14,-9,19,10,9,3,2
IFK Mariehamn,Mariehamn,2017/2018,Finland,2,1,1,0,0,0,0,0,0,0,2,1,1,0.0,0.0,0.0,0,56,56,78,0,9,-9,9,3,6,0,0
OGC Nice Côte d'Azur,Nice,2017/2018,France,4,2,2,0,0,0,0,2,1,1,2,1,1,0.5,0.5,0.5,0,57,57,59,3,7,-4,10,4,6,1,2
Malmö FF,Malmö FF,2017/2018,Sweden,2,1,1,0,0,0,0,1,1,0,1,0,1,0.5,1.0,0.0,0,58,58,68,2,4,-2,6,2,4,1,1
FK Spartak Moskva,Spartak Moskva,2017/2018,Russia,6,3,3,0,1,1,0,3,2,1,2,0,2,1.0,1.67,0.33,3,59,59,38,9,13,-4,22,10,12,7,2
FK Partizan Beograd,Partizan,2017/2018,Serbia,4,2,2,0,1,1,0,2,0,2,1,1,0,1.25,1.5,1.0,0,60,60,41,5,5,0,10,6,4,3,2
Paola Hibernians FC,Hibernians,2017/2018,Malta,4,2,2,0,2,1,1,0,0,0,2,1,1,1.5,1.5,1.5,0,61,61,37,3,6,-3,9,5,4,2,1
NK Maribor,Maribor,2017/2018,Slovenia,12,6,6,0,4,2,2,4,3,1,4,1,3,1.33,1.5,1.17,4,62,62,13,10,20,-10,30,15,15,5,5
SP La Fiorita,La Fiorita,2017/2018,San Marino,2,1,1,0,0,0,0,1,1,0,1,0,1,0.5,1.0,0.0,0,63,63,62,0,1,-1,1,0,1,0,0
FK JPFS - Spartaks Jurmala,Spartaks Jūrmala,2017/2018,Latvia,2,1,1,0,0,0,0,1,0,1,1,1,0,0.5,0.0,1.0,0,64,64,64,1,2,-1,3,1,2,0,1
AEK Athens FC,AEK Athens,2017/2018,Greece,2,1,1,0,0,0,0,0,0,0,2,1,1,0.0,0.0,0.0,0,65,65,73,0,3,-3,3,2,1,0,0
Europa FC,Europa,2017/2018,Gibraltar,2,1,1,0,1,0,1,0,0,0,1,1,0,1.5,0.0,3.0,0,66,66,50,3,4,-1,7,4,3,1,2
Budapest Honvéd FC Women,Honvéd W,2017/2018,Hungary,2,1,1,0,0,0,0,0,0,0,2,1,1,0.0,0.0,0.0,0,67,67,72,3,5,-2,8,5,3,2,1
Linfield FC,Linfield,2017/2018,Northern Ireland,4,2,2,0,1,1,0,1,0,1,2,1,1,1.0,1.5,0.5,0,68,68,47,1,6,-5,7,3,4,1,0
KF Trepça'89 Mitrovicë,Trepça'89,2017/2018,Kosovo,2,1,1,0,0,0,0,0,0,0,2,1,1,0.0,0.0,0.0,0,69,69,76,2,6,-4,8,5,3,1,1
FC Samtredia,Samtredia,2017/2018,Georgia,2,1,1,0,0,0,0,0,0,0,2,1,1,0.0,0.0,0.0,0,70,70,77,0,6,-6,6,1,5,0,0
Víkingur Gøta,Víkingur,2017/2018,Faroe Islands,4,2,2,0,2,1,1,1,0,1,1,1,0,1.75,1.5,2.0,0,71,71,32,7,5,2,12,5,7,2,5
FC Viitorul,Viitorul,2017/2018,Romania,2,1,1,0,1,1,0,0,0,0,1,0,1,1.5,3.0,0.0,0,72,72,53,1,4,-3,5,1,4,1,0
SK Slavia Praha,Slavia Praha,2017/2018,Czech Republic,4,2,2,0,1,1,0,1,1,0,2,0,2,1.0,2.0,0.0,0,73,73,46,2,4,-2,6,1,5,1,1
FK Budućnost Podgorica,Budućnost,2017/2018,Montenegro,2,1,1,0,0,0,0,1,1,0,1,0,1,0.5,1.0,0.0,0,74,74,67,0,2,-2,2,0,2,0,0
HNK Rijeka,Rijeka,2017/2018,Croatia,6,3,3,0,2,1,1,2,1,1,2,1,1,1.33,1.33,1.33,0,75,75,30,9,5,4,14,3,11,2,7
KS Kukësi,Kukësi,2017/2018,Albania,2,1,1,0,1,1,0,0,0,0,1,0,1,1.5,3.0,0.0,0,76,76,48,2,2,0,4,3,1,2,0
MŠK Žilina,Žilina,2017/2018,Slovakia,2,1,1,0,1,0,1,0,0,0,1,1,0,1.5,0.0,3.0,0,77,77,51,3,4,-1,7,4,3,1,2
FCI Tallinn,FCI Tallinn,2017/2018,Estonia,2,1,1,0,0,0,0,0,0,0,2,1,1,0.0,0.0,0.0,0,78,78,74,0,3,-3,3,1,2,0,0
Celtic FC,Celtic,2018/2019,Scotland,6,3,3,0,3,2,1,2,1,1,1,0,1,1.83,2.33,1.33,0,0,0,18,11,4,7,15,9,6,7,4
BVB 09 Borussia Dortmund,Borussia Dortmund,2018/2019,Germany,8,4,4,0,4,2,2,1,1,0,3,1,2,1.63,1.75,1.5,1,1,1,14,10,6,4,16,8,8,7,3
FC Schalke 04,Schalke 04,2018/2019,Germany,8,4,4,0,3,2,1,2,1,1,3,1,2,1.38,1.75,1.0,2,2,2,22,8,14,-6,22,10,12,6,2
FC Bayern München,Bayern München,2018/2019,Germany,8,4,4,0,4,2,2,3,1,2,1,1,0,1.88,1.75,2.0,1,3,3,10,16,8,8,24,14,10,9,7
TSG 1899 Hoffenheim,Hoffenheim,2018/2019,Germany,6,3,3,0,0,0,0,3,1,2,3,2,1,0.5,0.33,0.67,4,4,4,55,11,14,-3,25,14,11,6,5
AS Monaco FC,Monaco,2018/2019,Monaco,6,3,3,0,0,0,0,1,0,1,5,3,2,0.17,0.0,0.33,4,5,5,69,2,14,-12,16,9,7,1,1
Olympique Lyonnais,Olympique Lyonnais,2018/2019,France,8,4,4,0,1,0,1,6,4,2,1,0,1,1.13,1.0,1.25,2,6,6,27,13,16,-3,29,12,17,6,7
Hapoel Be'er Sheva FC,Hapoel Be'er Sheva,2018/2019,Israel,4,2,2,0,2,1,1,1,1,0,1,0,1,1.75,2.0,1.5,0,7,7,38,9,9,0,18,8,10,5,4
FK Sheriff Tiraspol,Sheriff,2018/2019,Moldova,4,2,2,0,1,1,0,1,1,0,2,0,2,1.0,2.0,0.0,0,8,8,46,4,3,1,7,3,4,3,1
Don Denis FC Santa Coloma,FC Santa Coloma,2018/2019,Andorra,1,1,0,0,0,0,0,0,0,0,1,1,0,0.0,0.0,0.0,0,9,9,70,0,2,-2,2,2,0,0,0
Paris Saint-Germain FC,PSG,2018/2019,France,8,4,4,0,4,2,2,2,1,1,2,1,1,1.75,1.75,1.75,1,10,10,13,20,12,8,32,18,14,11,9
The New Saints FC,The New Saints,2018/2019,Wales,2,1,1,0,1,1,0,0,0,0,1,0,1,1.5,3.0,0.0,0,11,11,52,4,5,-1,9,4,5,4,0
Red Star Belgrade,Red Star Belgrade,2018/2019,Serbia,14,7,7,0,5,3,2,5,3,2,4,1,3,1.43,1.71,1.14,4,12,12,6,17,21,-4,38,14,24,9,8
Rosenborg BK,Rosenborg,2018/2019,Norway,4,2,2,0,1,1,0,1,1,0,2,0,2,1.0,2.0,0.0,0,13,13,47,4,5,-1,9,4,5,3,1
SSC Napoli,Napoli,2018/2019,Italy,6,3,3,0,2,2,0,3,1,2,1,0,1,1.5,2.33,0.67,2,14,14,26,7,5,2,12,7,5,5,2
Qarabağ Ağdam FK,Qarabağ,2018/2019,Azerbaijan,6,3,3,0,2,1,1,3,1,2,1,1,0,1.5,1.33,1.67,0,15,15,25,5,2,3,7,4,3,3,2
FC Viktoria Plzeň,Viktoria Plzeň,2018/2019,Czech Republic,6,3,3,0,2,1,1,1,1,0,3,1,2,1.17,1.33,1.0,4,16,16,41,7,16,-9,23,12,11,4,3
SL Benfica,Benfica,2018/2019,Portugal,10,5,5,0,4,2,2,3,2,1,3,1,2,1.5,1.6,1.4,3,17,17,12,13,14,-1,27,8,19,4,9
FC Basel 1893,Basel,2018/2019,Switzerland,2,1,1,0,0,0,0,0,0,0,2,1,1,0.0,0.0,0.0,0,18,18,75,1,5,-4,6,3,3,0,1
FC Shakhtar Donetsk,Shakhtar Donetsk,2018/2019,Ukraine,6,3,3,0,1,0,1,3,2,1,2,1,1,1.0,0.67,1.33,3,19,19,44,8,16,-8,24,9,15,3,5
FK Astana,Astana,2018/2019,Kazakhstan,6,3,3,0,3,2,1,1,0,1,2,1,1,1.67,2.0,1.33,0,20,20,23,5,4,1,9,6,3,3,2
FC Porto,Porto,2018/2019,Portugal,10,5,5,0,6,4,2,1,0,1,3,1,2,1.9,2.4,1.4,1,21,21,7,20,15,5,35,19,16,12,8
FC Barcelona,FC Barcelona,2018/2019,Spain,12,6,6,0,8,5,3,3,1,2,1,0,1,2.25,2.67,1.83,1,22,22,2,26,10,16,36,20,16,18,8
Real Madrid CF,Real Madrid,2018/2019,Spain,8,4,4,0,5,2,3,0,0,0,3,2,1,1.88,1.5,2.25,1,23,23,11,15,10,5,25,14,11,6,9
FC BATE Borisov,BATE,2018/2019,Belarus,6,3,3,0,2,0,2,2,2,0,2,1,1,1.33,0.67,2.0,0,24,24,32,6,8,-2,14,7,7,3,3
Tallinna FC Flora,Tallinna FC Flora,2018/2019,Estonia,2,1,1,0,0,0,0,0,0,0,2,1,1,0.0,0.0,0.0,0,25,25,77,2,7,-5,9,5,4,1,1
Juventus FC,Juventus,2018/2019,Italy,10,5,5,0,5,3,2,1,0,1,4,2,2,1.6,1.8,1.4,1,26,26,8,14,9,5,23,13,10,9,5
HŠK Zrinjski Mostar,Zrinjski,2018/2019,Bosnia and Herzegovina,2,1,1,0,0,0,0,1,1,0,1,0,1,0.5,1.0,0.0,0,27,27,63,1,2,-1,3,2,1,1,0
Tottenham Hotspur FC,Tottenham Hotspur,2018/2019,England,13,7,6,0,6,4,2,2,0,2,5,3,2,1.54,1.71,1.33,3,28,28,5,20,19,1,39,17,22,9,11
Manchester City FC,Manchester City,2018/2019,England,10,5,5,0,7,4,3,1,0,1,2,1,1,2.2,2.4,2.0,1,29,29,4,30,12,18,42,26,16,20,10
BSC Young Boys,Young Boys,2018/2019,Switzerland,8,4,4,0,2,1,1,2,2,0,4,1,3,1.0,1.25,0.75,4,30,30,34,7,14,-7,21,10,11,4,3
Club Brugge KV,Club Brugge,2018/2019,Belgium,6,3,3,0,1,0,1,3,2,1,2,1,1,1.0,0.67,1.33,3,31,31,42,6,5,1,11,3,8,1,5
Alashkert FC,Alashkert,2018/2019,Armenia,2,1,1,0,0,0,0,0,0,0,2,1,1,0.0,0.0,0.0,0,32,32,78,0,6,-6,6,3,3,0,0
FC Salzburg,Salzburg,2018/2019,Austria,4,2,2,0,2,1,1,2,1,1,0,0,0,2.0,2.0,2.0,0,33,33,28,6,2,4,8,7,1,5,1
PFK CSKA Moskva,CSKA Moskva,2018/2019,Russia,6,3,3,0,2,1,1,1,0,1,3,2,1,1.17,1.0,1.33,3,34,34,39,8,9,-1,17,7,10,3,5
Lincoln Red Imps FC,Lincoln Red Imps,2018/2019,Gibraltar,2,1,1,0,1,0,1,0,0,0,1,1,0,1.5,0.0,3.0,0,35,35,51,3,4,-1,7,5,2,1,2
Fenerbahçe,Fenerbahçe,2018/2019,Turkey,2,1,1,0,0,0,0,1,1,0,1,0,1,0.5,1.0,0.0,0,36,36,61,1,2,-1,3,2,1,1,0
PAOK Thessaloniki FC,PAOK,2018/2019,Greece,6,3,3,0,3,2,1,2,0,2,1,1,0,1.83,2.0,1.67,0,37,37,20,10,8,2,18,13,5,6,4
F91 Dudelange,F91 Dudelange,2018/2019,Luxembourg,2,1,1,0,0,0,0,1,1,0,1,0,1,0.5,1.0,0.0,0,38,38,64,2,3,-1,5,2,3,1,1
PFC Ludogorets 1945 Razgrad,Ludogorets,2018/2019,Bulgaria,4,2,2,0,2,1,1,1,1,0,1,0,1,1.75,2.0,1.5,0,39,39,36,9,1,8,10,7,3,7,2
KP Legia Warszawa,Legia Warszawa,2018/2019,Poland,4,2,2,0,3,1,2,0,0,0,1,1,0,2.25,1.5,3.0,0,40,40,24,5,2,3,7,5,2,3,2
AS Roma,Roma,2018/2019,Italy,8,4,4,0,4,3,1,0,0,0,4,1,3,1.5,2.25,0.75,2,41,41,17,14,12,2,26,13,13,10,4
NK Olimpija Ljubljana,Olimpija,2018/2019,Slovenia,2,1,1,0,0,0,0,1,0,1,1,1,0,0.5,0.0,1.0,0,42,42,59,0,1,-1,1,1,0,0,0
Club Atlético de Madrid,Atlético Madrid,2018/2019,Spain,8,4,4,0,5,4,1,1,0,1,2,0,2,2.0,3.0,1.0,2,43,43,9,11,9,2,20,10,10,9,2
Valletta FC,Valletta,2018/2019,Malta,2,1,1,0,0,0,0,2,1,1,0,0,0,1.0,1.0,1.0,0,44,44,58,1,1,0,2,2,0,1,0
AFC Ajax,Ajax,2018/2019,Netherlands,18,9,9,0,10,5,5,6,2,4,2,2,0,2.0,1.89,2.11,2,45,45,1,35,17,18,52,29,23,19,16
PSV Eindhoven,PSV,2018/2019,Netherlands,8,4,4,0,2,1,1,2,1,1,4,2,2,1.0,1.0,1.0,4,46,46,33,12,15,-3,27,13,14,7,5
GNK Dinamo Zagreb,Dinamo Zagreb,2018/2019,Croatia,6,3,3,0,3,2,1,2,0,2,1,1,0,1.83,2.0,1.67,0,47,47,19,12,5,7,17,9,8,7,5
FC Dynamo Kyiv,Dynamo Kyiv,2018/2019,Ukraine,4,2,2,0,1,1,0,2,1,1,1,0,1,1.25,2.0,0.5,0,48,48,45,4,4,0,8,2,6,2,2
Crusaders FC,Crusaders,2018/2019,Northern Ireland,2,1,1,0,0,0,0,0,0,0,2,1,1,0.0,0.0,0.0,0,49,49,79,0,9,-9,9,2,7,0,0
APOEL FC,APOEL,2018/2019,Cyprus,2,1,1,0,1,1,0,0,0,0,1,0,1,1.5,3.0,0.0,0,50,50,49,2,3,-1,5,1,4,1,1
Manchester United FC,Manchester United,2018/2019,England,10,5,5,0,4,1,3,1,1,0,5,3,2,1.3,0.8,1.8,2,51,51,15,10,11,-1,21,5,16,1,9
Liverpool FC,Liverpool,2018/2019,England,13,6,7,0,8,5,3,1,1,0,4,0,4,1.92,2.67,1.29,3,52,52,3,24,12,12,36,16,20,14,10
Galatasaray,Galatasaray,2018/2019,Turkey,6,3,3,0,1,1,0,1,1,0,4,1,3,0.67,1.33,0.0,3,53,53,48,5,8,-3,13,8,5,5,0
Valencia CF,Valencia CF,2018/2019,Spain,6,3,3,0,2,2,0,2,0,2,2,1,1,1.33,2.0,0.67,3,54,54,30,6,6,0,12,9,3,5,1
Helsingin Jalkapalloklubi,HJK,2018/2019,Finland,4,2,2,0,2,1,1,1,0,1,1,1,0,1.75,1.5,2.0,0,55,55,37,6,4,2,10,7,3,4,2
FC Internazionale Milano,Inter Milan,2018/2019,Italy,6,3,3,0,2,1,1,2,2,0,2,0,2,1.33,1.67,1.0,2,56,56,31,6,7,-1,13,7,6,4,2
Royal Standard de Liège,Standard Liège,2018/2019,Belgium,2,1,1,0,0,0,0,1,1,0,1,0,1,0.5,1.0,0.0,0,57,57,68,2,5,-3,7,4,3,2,0
SK Sturm Graz,Sturm Graz,2018/2019,Austria,2,1,1,0,0,0,0,0,0,0,2,1,1,0.0,0.0,0.0,0,58,58,76,1,5,-4,6,4,2,1,0
Malmö FF,Malmö FF,2018/2019,Sweden,6,3,3,0,3,1,2,3,2,1,0,0,0,2.0,1.67,2.33,0,59,59,16,8,2,6,10,6,4,4,4
FK Lokomotiv Moskva,Lokomotiv Moskva,2018/2019,Russia,6,3,3,0,1,1,0,0,0,0,5,2,3,0.5,1.0,0.0,4,60,60,57,4,12,-8,16,7,9,3,1
FK Spartak Moskva,Spartak Moskva,2018/2019,Russia,2,1,1,0,0,0,0,1,1,0,1,0,1,0.5,1.0,0.0,0,61,61,65,2,3,-1,5,0,5,0,2
FC Midtjylland,Midtjylland,2018/2019,Denmark,2,1,1,0,0,0,0,1,1,0,1,0,1,0.5,1.0,0.0,0,62,62,62,1,2,-1,3,0,3,0,1
Videoton FC Fehérvár,Videoton,2018/2019,Hungary,8,4,4,0,2,2,0,5,1,4,1,1,0,1.38,1.75,1.0,0,63,63,21,7,6,1,13,7,6,4,3
FK Sutjeska Nikšić,Sutjeska,2018/2019,Montenegro,2,1,1,0,0,0,0,0,0,0,2,1,1,0.0,0.0,0.0,0,64,64,72,0,3,-3,3,2,1,0,0
SP La Fiorita,La Fiorita,2018/2019,San Marino,1,1,0,0,0,0,0,0,0,0,1,1,0,0.0,0.0,0.0,0,65,65,71,0,2,-2,2,2,0,0,0
FK JPFS - Spartaks Jurmala,Spartaks Jūrmala,2018/2019,Latvia,2,1,1,0,0,0,0,1,1,0,1,0,1,0.5,1.0,0.0,0,66,66,66,0,2,-2,2,0,2,0,0
AEK Athens FC,AEK Athens,2018/2019,Greece,10,5,5,0,2,1,1,2,1,1,6,3,3,0.8,0.8,0.8,4,67,67,35,8,17,-9,25,14,11,5,3
Víkingur Gøta,Víkingur,2018/2019,Faroe Islands,2,1,1,0,0,0,0,0,0,0,2,1,1,0.0,0.0,0.0,0,68,68,73,2,5,-3,7,3,4,1,1
SK Slavia Praha,Slavia Praha,2018/2019,Czech Republic,2,1,1,0,0,0,0,1,1,0,1,0,1,0.5,1.0,0.0,0,69,69,67,1,3,-2,4,2,2,1,0
KS Kukësi,Kukësi,2018/2019,Albania,4,2,2,0,0,0,0,3,2,1,1,0,1,0.75,1.0,0.5,0,70,70,54,1,4,-3,5,0,5,0,1
FK Sūduva Marijampolė,Sūduva,2018/2019,Lithuania,4,2,2,0,1,1,0,0,0,0,3,1,2,0.75,1.5,0.0,0,71,71,56,3,7,-4,10,6,4,3,0
FC Spartak Trnava,Spartak Trnava,2018/2019,Slovakia,6,3,3,0,2,1,1,2,0,2,2,2,0,1.33,1.0,1.67,0,72,72,29,6,5,1,11,5,6,2,4
Cork City FC,Cork City,2018/2019,Republic of Ireland,2,1,1,0,0,0,0,0,0,0,2,1,1,0.0,0.0,0.0,0,73,73,74,0,4,-4,4,1,3,0,0
Valur Reykjavík,Valur,2018/2019,Iceland,2,1,1,0,1,1,0,0,0,0,1,0,1,1.5,3.0,0.0,0,74,74,50,2,3,-1,5,1,4,1,1
KF Shkendija,Shkendija,2018/2019,FYR Macedonia,6,3,3,0,2,2,0,1,0,1,3,1,2,1.17,2.0,0.33,0,75,75,40,6,8,-2,14,7,7,6,0
FC Torpedo Kutaisi,Torpedo Kutaisi,2018/2019,Georgia,2,1,1,0,1,1,0,0,0,0,1,0,1,1.5,3.0,0.0,0,76,76,53,2,4,-2,6,3,3,2,0
SCS CFR 1907 Cluj,CFR Cluj,2018/2019,Romania,2,1,1,0,0,0,0,1,0,1,1,1,0,0.5,0.0,1.0,0,77,77,60,1,2,-1,3,1,2,0,1
KF Drita,Drita,2018/2019,Kosovo,4,1,3,0,2,0,2,0,0,0,2,1,1,1.5,0.0,2.0,0,78,78,43,6,6,0,12,3,9,0,6
Celtic FC,Celtic,2019/2020,Scotland,6,3,3,0,4,2,2,1,0,1,1,1,0,2.17,2.0,2.33,0,0,0,14,16,7,9,23,15,8,10,6
FK Sheriff Tiraspol,Sheriff,2019/2020,Moldova,2,1,1,0,1,0,1,0,0,0,1,1,0,1.5,0.0,3.0,0,7,7,49,3,4,-1,7,3,4,0,3
KF Partizani Tirana,Partizani Tirana,2019/2020,Albania,2,1,1,0,0,0,0,1,1,0,1,0,1,0.5,1.0,0.0,0,8,8,68,0,2,-2,2,0,2,0,0
Don Denis FC Santa Coloma,FC Santa Coloma,2019/2020,Andorra,2,0,2,0,1,0,1,0,0,0,1,0,1,1.5,0.0,1.5,0,9,9,43,2,2,0,4,0,4,0,2
Red Star Belgrade,Red Star Belgrade,2019/2020,Serbia,14,7,7,0,3,3,0,5,2,3,6,2,4,1.0,1.57,0.43,4,12,12,13,13,28,-15,41,23,18,9,4
Rosenborg BK,Rosenborg,2019/2020,Norway,8,4,4,0,5,3,2,1,1,0,2,0,2,2.0,2.5,1.5,0,13,13,10,16,7,9,23,12,11,10,6
Dundalk FC,Dundalk,2019/2020,Republic of Ireland,4,2,2,0,0,0,0,3,2,1,1,0,1,0.75,1.0,0.5,0,14,14,51,1,4,-3,5,2,3,1,0
Qarabağ Ağdam FK,Qarabağ,2019/2020,Azerbaijan,6,3,3,0,3,2,1,2,0,2,1,1,0,1.83,2.0,1.67,0,16,16,20,8,4,4,12,7,5,5,3
FC Viktoria Plzeň,Viktoria Plzeň,2019/2020,Czech Republic,2,1,1,0,0,0,0,1,1,0,1,0,1,0.5,1.0,0.0,0,17,17,70,0,4,-4,4,0,4,0,0
FC Basel 1893,Basel,2019/2020,Switzerland,4,2,2,0,1,1,0,0,0,0,3,1,2,0.75,1.5,0.0,0,19,19,52,6,9,-3,15,6,9,3,3
FK Astana,Astana,2019/2020,Kazakhstan,2,1,1,0,1,1,0,0,0,0,1,0,1,1.5,3.0,0.0,0,21,21,47,2,3,-1,5,1,4,1,1
FC BATE Borisov,BATE,2019/2020,Belarus,4,2,2,0,2,1,1,1,1,0,1,0,1,1.75,2.0,1.5,0,25,25,35,5,5,0,10,5,5,3,2
SP Tre Penne,Tre Penne,2019/2020,San Marino,1,1,0,0,0,0,0,0,0,0,1,1,0,0.0,0.0,0.0,0,31,31,74,0,1,-1,1,1,0,0,0
Lincoln Red Imps FC,Lincoln Red Imps,2019/2020,Gibraltar,1,0,1,0,0,0,0,0,0,0,1,0,1,0.0,0.0,0.0,0,33,33,73,0,1,-1,1,0,1,0,0
F91 Dudelange,F91 Dudelange,2019/2020,Luxembourg,2,1,1,0,0,0,0,2,1,1,0,0,0,1.0,1.0,1.0,0,35,35,59,3,3,0,6,4,2,2,1
PFC Ludogorets 1945 Razgrad,Ludogorets,2019/2020,Bulgaria,2,1,1,0,0,0,0,0,0,0,2,1,1,0.0,0.0,0.0,0,36,36,75,3,5,-2,8,5,3,2,1
Olympiakos CFP,Olympiakos Piraeus,2019/2020,Greece,12,6,6,0,6,4,2,2,1,1,4,1,3,1.67,2.17,1.17,3,37,37,4,21,15,6,36,20,16,15,6
Valletta FC,Valletta,2019/2020,Malta,4,2,2,0,0,0,0,3,2,1,1,0,1,0.75,1.0,0.5,0,39,39,50,5,7,-2,12,4,8,2,3
Ferencvárosi TC,Ferencváros,2019/2020,Hungary,6,3,3,0,3,2,1,2,0,2,1,1,0,1.83,2.0,1.67,0,40,40,23,10,10,0,20,11,9,5,5
PSV Eindhoven,PSV,2019/2020,Netherlands,2,1,1,0,1,1,0,0,0,0,1,0,1,1.5,3.0,0.0,0,42,42,46,4,4,0,8,5,3,3,1
Helsingin Jalkapalloklubi,HJK,2019/2020,Finland,4,2,2,0,2,2,0,1,0,1,1,0,1,1.75,3.0,0.5,0,51,51,32,7,5,2,12,6,6,5,2
AIK Fotboll,AIK,2019/2020,Sweden,4,2,2,0,2,2,0,0,0,0,2,0,2,1.5,3.0,0.0,0,57,57,39,8,7,1,15,9,6,6,2
FK Sarajevo,Sarajevo,2019/2020,Bosnia and Herzegovina,2,1,1,0,0,0,0,0,0,0,2,1,1,0.0,0.0,0.0,0,62,62,77,2,5,-3,7,4,3,1,1
NK Maribor,Maribor,2019/2020,Slovenia,6,3,3,0,3,2,1,0,0,0,3,1,2,1.5,2.0,1.0,0,63,63,28,11,10,1,21,9,12,5,6
FK Sutjeska Nikšić,Sutjeska,2019/2020,Montenegro,4,2,2,0,0,0,0,2,1,1,2,1,1,0.5,0.5,0.5,0,64,64,61,2,6,-4,8,3,5,1,1
ŠK Slovan Bratislava,Slovan Bratislava,2019/2020,Slovakia,2,1,1,0,0,0,0,2,1,1,0,0,0,1.0,1.0,1.0,0,65,65,58,2,2,0,4,2,2,1,1
HB Tórshavn,HB,2019/2020,Faroe Islands,2,1,1,0,0,0,0,1,1,0,1,0,1,0.5,1.0,0.0,0,66,66,69,2,5,-3,7,4,3,2,0
Nõmme Kalju FC,Nõmme Kalju,2019/2020,Estonia,4,2,2,0,1,0,1,0,0,0,3,2,1,0.75,0.0,1.5,0,67,67,55,2,9,-7,11,3,8,0,2
Riga FC,Riga,2019/2020,Latvia,2,1,1,0,0,0,0,2,1,1,0,0,0,1.0,1.0,1.0,0,68,68,57,0,0,0,0,0,0,0,0
Linfield FC,Linfield,2019/2020,Northern Ireland,2,1,1,0,0,0,0,0,0,0,2,1,1,0.0,0.0,0.0,0,69,69,79,0,6,-6,6,2,4,0,0
GKS Piast Gliwice,Piast Gliwice,2019/2020,Poland,2,1,1,0,0,0,0,1,0,1,1,1,0,0.5,0.0,1.0,0,71,71,65,2,3,-1,5,3,2,1,1
FK Sūduva Marijampolė,Sūduva,2019/2020,Lithuania,2,1,1,0,0,0,0,1,1,0,1,0,1,0.5,1.0,0.0,0,72,72,63,1,2,-1,3,0,3,0,1
FC Avan Academy,FC Avan Academy,2019/2020,Armenia,2,1,1,0,1,1,0,0,0,0,1,0,1,1.5,3.0,0.0,0,73,73,48,3,4,-1,7,3,4,2,1
Valur Reykjavík,Valur,2019/2020,Iceland,2,1,1,0,0,0,0,0,0,0,2,1,1,0.0,0.0,0.0,0,74,74,78,0,5,-5,5,3,2,0,0
KF Shkendija,Shkendija,2019/2020,FYR Macedonia,2,1,1,0,1,0,1,0,0,0,1,1,0,1.5,0.0,3.0,0,75,75,44,2,2,0,4,3,1,1,1
FC Saburtalo Tbilisi,Saburtalo,2019/2020,Georgia,4,2,2,0,1,0,1,0,0,0,3,2,1,0.75,0.0,1.5,0,76,76,53,4,8,-4,12,6,6,1,3
SCS CFR 1907 Cluj,CFR Cluj,2019/2020,Romania,8,4,4,0,3,2,1,2,1,1,3,1,2,1.38,1.75,1.0,0,77,77,22,11,10,1,21,8,13,5,6
KF Feronikeli,Feronikeli,2019/2020,Kosovo,4,3,1,0,2,2,0,1,0,1,1,1,0,1.75,2.0,1.0,0,78,78,33,5,4,1,9,5,4,3,2
FC København,København,2019/2020,Denmark,4,2,2,0,2,1,1,2,1,1,0,0,0,2.0,2.0,2.0,0,5,5,29,5,2,3,7,3,4,2,3
The New Saints FC,The New Saints,2019/2020,Wales,4,2,2,0,1,0,1,1,1,0,2,1,1,1.0,0.5,1.5,0,11,11,42,3,5,-2,8,6,2,2,1
FC Porto,Porto,2019/2020,Portugal,2,1,1,0,1,0,1,0,0,0,1,1,0,1.5,0.0,3.0,0,22,22,45,3,3,0,6,5,1,2,1
Club Brugge KV,Club Brugge,2019/2020,Belgium,10,5,5,0,3,2,1,4,1,3,3,2,1,1.3,1.4,1.2,3,30,30,19,11,16,-5,27,13,14,4,7
PAOK Thessaloniki FC,PAOK,2019/2020,Greece,2,1,1,0,0,0,0,1,1,0,1,0,1,0.5,1.0,0.0,0,34,34,67,4,5,-1,9,4,5,2,2
AFC Ajax,Ajax,2019/2020,Netherlands,10,5,5,0,5,3,2,3,0,3,2,2,0,1.8,1.8,1.8,3,41,41,8,19,10,9,29,12,17,8,11
GNK Dinamo Zagreb,Dinamo Zagreb,2019/2020,Croatia,12,6,6,0,5,3,2,4,2,2,3,1,2,1.58,1.83,1.33,4,43,43,7,23,15,8,38,22,16,14,9
FC Dynamo Kyiv,Dynamo Kyiv,2019/2020,Ukraine,2,1,1,0,0,0,0,1,1,0,1,0,1,0.5,1.0,0.0,0,44,44,66,3,4,-1,7,6,1,3,0
APOEL FC,APOEL,2019/2020,Cyprus,6,3,3,0,3,1,2,1,1,0,2,1,1,1.67,1.33,2.0,0,45,45,26,7,4,3,11,6,5,4,3
FK Krasnodar,Krasnodar,2019/2020,Russia,4,2,2,0,1,0,1,0,0,0,3,2,1,0.75,0.0,1.5,0,60,60,54,4,9,-5,13,4,9,1,3
Maccabi Tel Aviv FC,Maccabi Tel Aviv,2019/2020,Israel,2,1,1,0,0,0,0,1,1,0,1,0,1,0.5,1.0,0.0,0,61,61,64,2,3,-1,5,4,1,2,0
İstanbul Başakşehir FK,İstanbul Başakşehir,2019/2020,Turkey,2,1,1,0,0,0,0,0,0,0,2,1,1,0.0,0.0,0.0,0,49,49,76,0,3,-3,3,1,2,0,0
LASK Linz,LASK Linz,2019/2020,Austria,4,2,2,0,2,1,1,0,0,0,2,1,1,1.5,1.5,1.5,0,56,56,38,6,5,1,11,5,6,3,3
BSC Young Boys,Young Boys,2019/2020,Switzerland,2,1,1,0,0,0,0,2,1,1,0,0,0,1.0,1.0,1.0,0,29,29,60,3,3,0,6,4,2,2,1
SK Slavia Praha,Slavia Praha,2019/2020,Czech Republic,8,4,4,0,2,1,1,2,0,2,4,3,1,1.0,0.75,1.25,4,70,70,30,6,10,-4,16,10,6,3,3
BVB 09 Borussia Dortmund,Borussia Dortmund,2019/2020,Germany,8,4,4,0,4,3,1,1,1,0,3,0,3,1.63,2.5,0.75,2,1,1,17,10,11,-1,21,11,10,7,3
FC Bayern München,Bayern München,2019/2020,Germany,11,4,7,0,11,4,7,0,0,0,0,0,0,3.0,3.0,3.0,1,2,2,1,43,8,35,51,14,37,12,31
Bayer 04 Leverkusen,Bayer Leverkusen,2019/2020,Germany,6,3,3,0,2,1,1,0,0,0,4,2,2,1.0,1.0,1.0,3,3,3,40,5,9,-4,14,8,6,3,2
Rasen Ballsport Leipzig,RB Leipzig,2019/2020,Germany,10,6,4,0,6,3,3,2,1,1,2,2,0,2.0,1.67,2.5,1,4,4,5,16,12,4,28,18,10,9,7
Olympique Lyonnais,Olympique Lyonnais,2019/2020,France,10,5,5,0,4,2,2,2,2,0,4,1,3,1.4,1.6,1.2,2,6,6,12,14,14,0,28,14,14,7,7
Paris Saint-Germain FC,PSG,2019/2020,France,11,5,6,0,8,4,4,1,0,1,2,1,1,2.27,2.4,2.17,1,10,10,2,25,6,19,31,12,19,11,14
SSC Napoli,Napoli,2019/2020,Italy,8,4,4,0,3,2,1,4,2,2,1,0,1,1.63,2.0,1.25,2,15,15,15,13,8,5,21,10,11,8,5
SL Benfica,Benfica,2019/2020,Portugal,6,3,3,0,2,2,0,1,0,1,3,1,2,1.17,2.0,0.33,3,18,18,36,10,11,-1,21,9,12,6,4
FC Shakhtar Donetsk,Shakhtar Donetsk,2019/2020,Ukraine,6,3,3,0,1,0,1,3,1,2,2,2,0,1.0,0.33,1.67,3,20,20,41,8,13,-5,21,10,11,2,6
FC Barcelona,FC Barcelona,2019/2020,Spain,9,5,4,0,5,3,2,3,1,2,1,1,0,2.0,2.0,2.0,1,23,23,9,15,14,1,29,21,8,10,5
Real Madrid CF,Real Madrid,2019/2020,Spain,8,4,4,0,3,1,2,2,2,0,3,1,2,1.38,1.25,1.5,2,24,24,21,16,12,4,28,17,11,11,5
Juventus FC,Juventus,2019/2020,Italy,8,4,4,0,6,4,2,1,0,1,1,0,1,2.38,3.0,1.75,1,26,26,6,14,6,8,20,10,10,8,6
Tottenham Hotspur FC,Tottenham Hotspur,2019/2020,England,8,4,4,0,3,2,1,1,0,1,4,2,2,1.25,1.5,1.0,2,27,27,27,18,18,0,36,21,15,11,7
Manchester City FC,Manchester City,2019/2020,England,9,5,4,0,6,3,3,2,1,1,1,1,0,2.22,2.0,2.5,1,28,28,3,21,9,12,30,17,13,11,10
FC Salzburg,Salzburg,2019/2020,Austria,6,3,3,0,2,1,1,1,0,1,3,2,1,1.17,1.0,1.33,3,32,32,31,16,13,3,29,15,14,8,8
Club Atlético de Madrid,Atlético Madrid,2019/2020,Spain,9,4,5,0,5,3,2,1,1,0,3,0,3,1.78,2.5,1.2,2,38,38,11,13,9,4,22,8,14,6,7
Liverpool FC,Liverpool,2019/2020,England,8,4,4,0,4,2,2,1,1,0,3,1,2,1.63,1.75,1.5,1,46,46,16,15,12,3,27,17,10,9,6
Chelsea FC,Chelsea,2019/2020,England,8,4,4,0,3,1,2,2,1,1,3,2,1,1.38,1.0,1.75,2,47,47,25,12,16,-4,28,15,13,6,6
Galatasaray,Galatasaray,2019/2020,Turkey,6,3,3,0,0,0,0,2,1,1,4,2,2,0.33,0.33,0.33,4,48,48,62,1,14,-13,15,4,11,1,0
Valencia CF,Valencia CF,2019/2020,Spain,8,4,4,0,3,1,2,2,1,1,3,2,1,1.38,1.0,1.75,1,50,50,24,13,15,-2,28,19,9,9,4
Lille OSC Métropole,Lille,2019/2020,France,6,3,3,0,0,0,0,1,1,0,5,2,3,0.17,0.33,0.0,4,52,52,71,4,14,-10,18,7,11,2,2
Atalanta Bergamasca Calcio,Atalanta,2019/2020,Italy,9,5,4,0,4,2,2,1,1,0,4,2,2,1.44,1.4,1.5,2,53,53,18,17,18,-1,35,15,20,9,8
FC Internazionale Milano,Inter Milan,2019/2020,Italy,6,3,3,0,2,1,1,1,1,0,3,1,2,1.17,1.33,1.0,3,54,54,34,10,9,1,19,7,12,4,6
KRC Genk,KRC Genk,2019/2020,Belgium,6,3,3,0,0,0,0,1,1,0,5,2,3,0.17,0.33,0.0,4,55,55,72,5,20,-15,25,10,15,2,3
FK Lokomotiv Moskva,Lokomotiv Moskva,2019/2020,Russia,6,3,3,0,1,0,1,0,0,0,5,3,2,0.5,0.0,1.0,4,58,58,56,4,11,-7,15,7,8,1,3
FK Zenit St. Petersburg,Zenit,2019/2020,Russia,6,3,3,0,2,2,0,1,0,1,3,1,2,1.17,2.0,0.33,4,59,59,37,7,9,-2,16,8,8,5,2
Celtic FC,Celtic,2020/2021,Scotland,2,2,0,0,1,1,0,0,0,0,1,1,0,1.5,1.5,0.0,0,0,0,37,7,2,5,9,9,0,7,0
FK Sheriff Tiraspol,Sheriff,2020/2021,Moldova,2,1,1,0,1,1,0,0,0,0,1,0,1,1.5,3.0,0.0,0,5,5,42,3,2,1,5,2,3,2,1
Red Star Belgrade,Red Star Belgrade,2020/2021,Serbia,3,1,2,0,2,1,1,1,0,1,0,0,0,2.33,3.0,2.0,0,7,7,28,7,1,6,8,5,3,5,2
Dundalk FC,Dundalk,2020/2021,Republic of Ireland,1,0,1,0,0,0,0,0,0,0,1,0,1,0.0,0.0,0.0,0,8,8,73,0,3,-3,3,0,3,0,0
Qarabağ Ağdam FK,Qarabağ,2020/2021,Azerbaijan,3,3,0,0,2,2,0,1,1,0,0,0,0,2.33,2.33,0.0,0,9,9,29,6,1,5,7,7,0,6,0
FC Viktoria Plzeň,Viktoria Plzeň,2020/2021,Czech Republic,1,0,1,0,0,0,0,0,0,0,1,0,1,0.0,0.0,0.0,0,10,10,72,1,3,-2,4,0,4,0,1
FK Astana,Astana,2020/2021,Kazakhstan,1,0,1,0,0,0,0,0,0,0,1,0,1,0.0,0.0,0.0,0,13,13,75,3,6,-3,9,0,9,0,3
Tallinna FC Flora,Tallinna FC Flora,2020/2021,Estonia,1,1,0,0,0,0,0,1,1,0,0,0,0,1.0,1.0,0.0,0,17,17,53,1,1,0,2,2,0,1,0
FC Dinamo Tbilisi,Dinamo Tbilisi,2020/2021,Georgia,1,1,0,0,0,0,0,0,0,0,1,1,0,0.0,0.0,0.0,0,18,18,64,0,2,-2,2,2,0,0,0
PAOK Thessaloniki FC,PAOK,2020/2021,Greece,4,3,1,0,2,2,0,0,0,0,2,1,1,1.5,2.0,0.0,0,25,25,34,7,6,1,13,10,3,6,1
Beşiktaş,Beşiktaş,2020/2021,Turkey,1,0,1,0,0,0,0,0,0,0,1,0,1,0.0,0.0,0.0,0,26,26,70,1,3,-2,4,0,4,0,1
PFC Ludogorets 1945 Razgrad,Ludogorets,2020/2021,Bulgaria,2,1,1,0,1,0,1,0,0,0,1,1,0,1.5,0.0,3.0,0,27,27,40,3,2,1,5,1,4,0,3
Ferencvárosi TC,Ferencváros,2020/2021,Hungary,11,6,5,0,3,2,1,3,2,1,5,2,3,1.09,1.33,0.8,4,31,31,15,14,22,-8,36,17,19,7,7
Molde FK,Molde,2020/2021,Norway,5,2,3,0,2,1,1,3,1,2,0,0,0,1.8,2.0,1.67,0,39,39,20,10,4,6,14,11,3,8,2
Alkmaar Zaanstreek,AZ,2020/2021,Netherlands,2,1,1,0,1,1,0,0,0,0,1,0,1,1.5,3.0,0.0,0,40,40,45,3,3,0,6,4,2,3,0
Kuopion Palloseura,KuPS,2020/2021,Finland,1,0,1,0,0,0,0,0,0,0,1,0,1,0.0,0.0,0.0,0,41,41,78,0,5,-5,5,0,5,0,0
SK Rapid Wien,Rapid Wien,2020/2021,Austria,2,0,2,0,1,0,1,0,0,0,1,0,1,1.5,0.0,1.5,0,48,48,44,2,2,0,4,0,4,0,2
Djurgårdens IF,Djurgården,2020/2021,Sweden,1,0,1,0,0,0,0,0,0,0,1,0,1,0.0,0.0,0.0,0,49,49,65,0,2,-2,2,0,2,0,0
FC Dinamo Brest,Dinamo Brest,2020/2021,Belarus,3,2,1,0,2,2,0,0,0,0,1,0,1,2.0,3.0,0.0,0,50,50,33,8,5,3,13,12,1,8,0
Maccabi Tel Aviv FC,Maccabi Tel Aviv,2020/2021,Israel,5,3,2,0,3,2,1,0,0,0,2,1,1,1.8,2.0,1.5,0,55,55,22,8,5,3,13,6,7,4,4
FK Sarajevo,Sarajevo,2020/2021,Bosnia and Herzegovina,2,0,2,0,1,0,1,0,0,0,1,0,1,1.5,0.0,1.5,0,56,56,41,3,2,1,5,0,5,0,3
CS Fola Esch,Fola Esch,2020/2021,Luxembourg,1,0,1,0,0,0,0,0,0,0,1,0,1,0.0,0.0,0.0,0,57,57,67,0,2,-2,2,0,2,0,0
KR Reykjavík,KR,2020/2021,Iceland,1,0,1,0,0,0,0,0,0,0,1,0,1,0.0,0.0,0.0,0,58,58,79,0,6,-6,6,0,6,0,0
ŠK Slovan Bratislava,Slovan Bratislava,2020/2021,Slovakia,1,0,1,0,0,0,0,0,0,0,1,0,1,0.0,0.0,0.0,0,59,59,74,0,3,-3,3,0,3,0,0
Riga FC,Riga,2020/2021,Latvia,1,0,1,0,0,0,0,0,0,0,1,0,1,0.0,0.0,0.0,0,60,60,68,0,2,-2,2,0,2,0,0
Europa FC,Europa,2020/2021,Gibraltar,1,0,1,0,0,0,0,0,0,0,1,0,1,0.0,0.0,0.0,0,61,61,77,0,5,-5,5,0,5,0,0
Linfield FC,Linfield,2020/2021,Northern Ireland,3,0,3,0,2,0,2,0,0,0,1,0,1,2.0,0.0,2.0,0,62,62,32,5,1,4,6,0,6,0,5
FK Budućnost Podgorica,Budućnost,2020/2021,Montenegro,1,1,0,0,0,0,0,0,0,0,1,1,0,0.0,0.0,0.0,0,64,64,71,1,3,-2,4,4,0,1,0
FK Sūduva Marijampolė,Sūduva,2020/2021,Lithuania,2,1,1,0,0,0,0,1,0,1,1,1,0,0.5,0.0,1.0,0,65,65,56,1,4,-3,5,3,2,0,1
FC Avan Academy,FC Avan Academy,2020/2021,Armenia,1,1,0,0,0,0,0,0,0,0,1,1,0,0.0,0.0,0.0,0,66,66,59,0,1,-1,1,1,0,0,0
KF Tirana,Tirana,2020/2021,Albania,2,1,1,0,1,0,1,0,0,0,1,1,0,1.5,0.0,3.0,0,67,67,39,2,1,1,3,1,2,0,2
NK Lokomotiva Zagreb,Lokomotiva Zagreb,2020/2021,Croatia,1,1,0,0,0,0,0,0,0,0,1,1,0,0.0,0.0,0.0,0,68,68,60,0,1,-1,1,1,0,0,0
NK Celje,Celje,2020/2021,Slovenia,2,2,0,0,1,1,0,0,0,0,1,1,0,1.5,1.5,0.0,0,69,69,38,4,2,2,6,6,0,4,0
Connah's Quay Nomads FC,Connah's Quay,2020/2021,Wales,1,1,0,0,0,0,0,0,0,0,1,1,0,0.0,0.0,0.0,0,70,70,63,0,2,-2,2,2,0,0,0
Floriana FC,Floriana,2020/2021,Malta,1,1,0,0,0,0,0,0,0,0,1,1,0,0.0,0.0,0.0,0,71,71,66,0,2,-2,2,2,0,0,0
Inter Club d'Escaldes,Inter Club d'Escaldes,2020/2021,Andorra,1,0,1,0,0,0,0,0,0,0,1,0,1,0.0,0.0,0.0,0,72,72,62,1,2,-1,3,0,3,0,1
AC Omonia Nicosia,Omonia Nicosia,2020/2021,Cyprus,5,2,3,0,2,0,2,2,2,0,1,0,1,1.6,1.0,2.0,0,73,73,25,4,3,1,7,2,5,1,3
KÍ Klaksvík,KÍ,2020/2021,Faroe Islands,2,1,1,0,1,1,0,0,0,0,1,0,1,1.5,3.0,0.0,0,74,74,43,4,3,1,7,3,4,3,1
SCS CFR 1907 Cluj,CFR Cluj,2020/2021,Romania,2,1,1,0,1,0,1,1,1,0,0,0,0,2.0,1.0,3.0,0,75,75,36,4,2,2,6,4,2,2,2
FK Sileks,Sileks,2020/2021,FYR Macedonia,1,0,1,0,0,0,0,0,0,0,1,0,1,0.0,0.0,0.0,0,76,76,76,0,4,-4,4,0,4,0,0
KF Drita,Drita,2020/2021,Kosovo,2,2,0,0,1,1,0,0,0,0,1,1,0,1.5,1.5,0.0,0,77,77,48,2,4,-2,6,6,0,2,0
SP Tre Fiori,Tre Fiori,2020/2021,San Marino,1,1,0,0,0,0,0,0,0,0,1,1,0,0.0,0.0,0.0,0,78,78,69,0,2,-2,2,2,0,0,0
KP Legia Warszawa,Legia Warszawa,2020/2021,Poland,2,2,0,0,1,1,0,0,0,0,1,1,0,1.5,1.5,0.0,0,28,28,46,1,2,-1,3,3,0,1,0
GNK Dinamo Zagreb,Dinamo Zagreb,2020/2021,Croatia,2,0,2,0,0,0,0,1,0,1,1,0,1,0.5,0.0,0.5,0,33,33,54,3,4,-1,7,0,7,0,3
FC Midtjylland,Midtjylland,2020/2021,Denmark,10,5,5,0,3,2,1,3,1,2,4,2,2,1.2,1.4,1.0,4,54,54,13,12,14,-2,26,17,9,9,3
BSC Young Boys,Young Boys,2020/2021,Switzerland,2,1,1,0,1,1,0,0,0,0,1,0,1,1.5,3.0,0.0,0,21,21,47,3,4,-1,7,4,3,3,0
SL Benfica,Benfica,2020/2021,Portugal,1,0,1,0,0,0,0,0,0,0,1,0,1,0.0,0.0,0.0,0,11,11,61,1,2,-1,3,0,3,0,1
FC Dynamo Kyiv,Dynamo Kyiv,2020/2021,Ukraine,9,5,4,0,4,3,1,1,0,1,4,2,2,1.44,1.8,1.0,3,34,34,12,11,14,-3,25,12,13,6,5
KAA Gent,KAA Gent,2020/2021,Belgium,3,2,1,0,1,1,0,0,0,0,2,1,1,1.0,1.5,0.0,0,47,47,49,3,6,-3,9,6,3,3,0
FK Krasnodar,Krasnodar,2020/2021,Russia,8,4,4,0,3,2,1,2,0,2,3,2,1,1.38,1.5,1.25,3,53,53,17,10,13,-3,23,11,12,4,6
FC Salzburg,Salzburg,2020/2021,Austria,8,4,4,0,3,1,2,1,1,0,4,2,2,1.25,1.0,1.5,3,24,24,19,15,19,-4,34,18,16,7,8
Olympiakos CFP,Olympiakos Piraeus,2020/2021,Greece,8,4,4,0,2,2,0,1,0,1,5,2,3,0.88,1.5,0.25,3,29,29,31,4,10,-6,14,6,8,3,1
SK Slavia Praha,Slavia Praha,2020/2021,Czech Republic,2,1,1,0,0,0,0,1,1,0,1,0,1,0.5,1.0,0.0,0,63,63,55,1,4,-3,5,0,5,0,1
BVB 09 Borussia Dortmund,Borussia Dortmund,2020/2021,Germany,10,5,5,0,5,2,3,2,2,0,3,1,2,1.7,1.6,1.8,1,1,1,9,19,13,6,32,14,18,9,10
FC Bayern München,Bayern München,2020/2021,Germany,10,5,5,0,8,4,4,1,0,1,1,1,0,2.5,2.4,2.6,1,2,2,3,27,10,17,37,18,19,13,14
Borussia VfL Mönchengladbach,Borussia M'gladbach,2020/2021,Germany,8,4,4,0,2,1,1,2,1,1,4,2,2,1.0,1.0,1.0,2,3,3,24,16,13,3,29,15,14,8,8
Rasen Ballsport Leipzig,RB Leipzig,2020/2021,Germany,8,4,4,0,4,3,1,0,0,0,4,1,3,1.5,2.25,0.75,2,4,4,14,11,16,-5,27,12,15,7,4
Paris Saint-Germain FC,PSG,2020/2021,France,12,6,6,0,6,2,4,1,1,0,5,3,2,1.58,1.17,2.0,1,6,6,6,22,15,7,37,16,21,9,13
FC Shakhtar Donetsk,Shakhtar Donetsk,2020/2021,Ukraine,6,3,3,0,2,1,1,2,1,1,2,1,1,1.33,1.33,1.33,3,12,12,27,5,12,-7,17,8,9,2,3
FC Porto,Porto,2020/2021,Portugal,10,5,5,0,6,3,3,1,1,0,3,1,2,1.9,2.0,1.8,2,14,14,7,15,9,6,24,10,14,7,8
FC Barcelona,FC Barcelona,2020/2021,Spain,8,4,4,0,5,2,3,1,0,1,2,2,0,2.0,1.5,2.5,1,15,15,10,18,10,8,28,17,11,8,10
Real Madrid CF,Real Madrid,2020/2021,Spain,12,6,6,0,6,4,2,3,1,2,3,1,2,1.75,2.17,1.33,1,16,16,4,19,14,5,33,22,11,14,5
Juventus FC,Juventus,2020/2021,Italy,8,4,4,0,6,3,3,0,0,0,2,1,1,2.25,2.25,2.25,2,19,19,8,18,8,10,26,13,13,8,10
Manchester City FC,Manchester City,2020/2021,England,13,7,6,0,11,6,5,1,0,1,1,1,0,2.62,2.57,2.67,1,20,20,1,25,5,20,30,18,12,15,10
Club Brugge KV,Club Brugge,2020/2021,Belgium,6,3,3,0,2,1,1,2,1,1,2,1,1,1.33,1.33,1.33,3,22,22,26,8,10,-2,18,8,10,4,4
Sevilla FC,Sevilla FC,2020/2021,Spain,8,4,4,0,4,2,2,2,0,2,2,2,0,1.75,1.5,2.0,2,23,23,11,13,13,0,26,15,11,6,7
Club Atlético de Madrid,Atlético Madrid,2020/2021,Spain,8,4,4,0,2,1,1,3,2,1,3,1,2,1.13,1.25,1.0,2,30,30,23,7,11,-4,18,8,10,4,3
AFC Ajax,Ajax,2020/2021,Netherlands,6,3,3,0,2,1,1,1,0,1,3,2,1,1.17,1.0,1.33,3,32,32,30,7,7,0,14,6,8,3,4
Manchester United FC,Manchester United,2020/2021,England,6,3,3,0,3,2,1,0,0,0,3,1,2,1.5,2.0,1.0,3,35,35,21,15,10,5,25,14,11,10,5
Liverpool FC,Liverpool,2020/2021,England,10,5,5,0,6,3,3,2,1,1,2,1,1,2.0,2.0,2.0,1,36,36,5,15,6,9,21,7,14,5,10
Chelsea FC,Chelsea,2020/2021,England,13,6,7,0,9,3,6,3,2,1,1,1,0,2.31,1.83,2.71,1,37,37,2,23,4,19,27,10,17,8,15
İstanbul Başakşehir FK,İstanbul Başakşehir,2020/2021,Turkey,6,3,3,0,1,1,0,0,0,0,5,2,3,0.5,1.0,0.0,4,38,38,52,7,18,-11,25,12,13,5,2
Stade Rennais FC,Rennes,2020/2021,France,6,3,3,0,0,0,0,1,1,0,5,2,3,0.17,0.33,0.0,4,42,42,57,3,11,-8,14,9,5,3,0
Olympique de Marseille,Olympique Marseille,2020/2021,France,6,3,3,0,1,1,0,0,0,0,5,2,3,0.5,1.0,0.0,4,43,43,51,2,13,-11,15,8,7,2,0
SS Lazio,Lazio,2020/2021,Italy,8,4,4,0,2,2,0,4,1,3,2,1,1,1.25,1.75,0.75,2,44,44,18,13,13,0,26,17,9,9,4
Atalanta Bergamasca Calcio,Atalanta,2020/2021,Italy,8,4,4,0,3,0,3,2,2,0,3,2,1,1.38,0.5,2.25,2,45,45,16,11,12,-1,23,12,11,3,8
FC Internazionale Milano,Inter Milan,2020/2021,Italy,6,3,3,0,1,0,1,3,2,1,2,1,1,1.0,0.67,1.33,4,46,46,35,7,9,-2,16,6,10,2,5
FK Lokomotiv Moskva,Lokomotiv Moskva,2020/2021,Russia,6,3,3,0,0,0,0,3,1,2,3,2,1,0.5,0.33,0.67,4,51,51,50,5,10,-5,15,9,6,3,2
FK Zenit St. Petersburg,Zenit,2020/2021,Russia,6,3,3,0,0,0,0,1,1,0,5,2,3,0.17,0.33,0.0,4,52,52,58,4,13,-9,17,8,9,3,1
Celtic FC,Celtic,2021/2022,Scotland,2,1,1,0,0,0,0,1,1,0,1,0,1,0.5,1.0,0.0,0,0,0,58,2,3,-1,5,2,3,1,1
FK Sheriff Tiraspol,Sheriff,2021/2022,Moldova,14,7,7,0,8,5,3,3,0,3,3,2,1,1.93,2.14,1.71,3,7,7,3,21,13,8,34,18,16,11,10
VMFD Žalgiris Vilnius,Žalgiris,2021/2022,Lithuania,4,2,2,0,2,1,1,0,0,0,2,1,1,1.5,1.5,1.5,0,16,16,39,6,7,-1,13,8,5,4,2
AC Sparta Praha,Sparta Praha,2021/2022,Czech Republic,4,2,2,0,1,1,0,0,0,0,3,1,2,0.75,1.5,0.0,0,17,17,56,4,7,-3,11,4,7,2,2
Tallinna FC Flora,Tallinna FC Flora,2021/2022,Estonia,4,2,2,0,2,1,1,0,0,0,2,1,1,1.5,1.5,1.5,0,18,18,35,6,3,3,9,3,6,2,4
FC Dinamo Tbilisi,Dinamo Tbilisi,2021/2022,Georgia,2,1,1,0,0,0,0,0,0,0,2,1,1,0.0,0.0,0.0,0,19,19,67,2,4,-2,6,3,3,1,1
Alashkert FC,Alashkert,2021/2022,Armenia,4,2,2,0,1,1,0,1,0,1,2,1,1,1.0,1.5,0.5,0,24,24,47,4,6,-2,10,2,8,1,3
Lincoln Red Imps FC,Lincoln Red Imps,2021/2022,Gibraltar,4,2,2,0,1,1,0,1,0,1,2,1,1,1.0,1.5,0.5,0,27,27,45,8,6,2,14,8,6,6,2
PFC Ludogorets 1945 Razgrad,Ludogorets,2021/2022,Bulgaria,8,4,4,0,4,3,1,3,1,2,1,0,1,1.88,2.5,1.25,0,29,29,16,10,7,3,17,12,5,8,2
KP Legia Warszawa,Legia Warszawa,2021/2022,Poland,6,3,3,0,4,2,2,1,0,1,1,1,0,2.17,2.0,2.33,0,30,30,19,9,5,4,14,6,8,4,5
PSV Eindhoven,PSV,2021/2022,Netherlands,6,3,3,0,4,2,2,1,1,0,1,0,1,2.17,2.33,2.0,0,36,36,18,12,4,8,16,9,7,8,4
GNK Dinamo Zagreb,Dinamo Zagreb,2021/2022,Croatia,8,4,4,0,5,2,3,2,2,0,1,0,1,2.13,2.0,2.25,0,37,37,12,10,6,4,16,9,7,6,4
Galatasaray,Galatasaray,2021/2022,Turkey,2,1,1,0,0,0,0,0,0,0,2,1,1,0.0,0.0,0.0,0,42,42,77,2,7,-5,9,3,6,1,1
FK Bodo - Glimt,FK Bodo - Glimt,2021/2022,Norway,2,1,1,0,0,0,0,0,0,0,2,1,1,0.0,0.0,0.0,0,43,43,71,2,5,-3,7,5,2,2,0
Helsingin Jalkapalloklubi,HJK,2021/2022,Finland,4,2,2,0,2,1,1,1,1,0,1,0,1,1.75,2.0,1.5,0,44,44,29,10,5,5,15,8,7,5,5
SK Rapid Wien,Rapid Wien,2021/2022,Austria,2,1,1,0,1,1,0,0,0,0,1,0,1,1.5,3.0,0.0,0,50,50,53,2,3,-1,5,3,2,2,0
Malmö FF,Malmö FF,2021/2022,Sweden,14,7,7,0,5,4,1,3,1,2,6,2,4,1.29,1.86,0.71,4,51,51,11,14,22,-8,36,15,21,8,6
FC Shakhtyor Soligorsk,Shakhtyor,2021/2022,Belarus,2,1,1,0,0,0,0,0,0,0,2,1,1,0.0,0.0,0.0,0,52,52,65,0,2,-2,2,1,1,0,0
Neftçi PFC Bakı,Neftçi,2021/2022,Azerbaijan,4,2,2,0,2,1,1,0,0,0,2,1,1,1.5,1.5,1.5,0,53,53,36,4,4,0,8,4,4,2,2
FC Midtjylland,Midtjylland,2021/2022,Denmark,4,2,2,0,1,1,0,1,0,1,2,1,1,1.0,1.5,0.5,0,56,56,48,3,6,-3,9,4,5,2,1
Paola Hibernians FC,Hibernians,2021/2022,Malta,2,1,1,0,0,0,0,0,0,0,2,1,1,0.0,0.0,0.0,0,57,57,75,0,5,-5,5,3,2,0,0
S.S. Folgore Calcio,S.S. Folgore,2021/2022,San Marino,1,1,0,0,0,0,0,0,0,0,1,1,0,0.0,0.0,0.0,0,58,58,64,0,2,-2,2,2,0,0,0
CS Fola Esch,Fola Esch,2021/2022,Luxembourg,2,1,1,0,0,0,0,1,1,0,1,0,1,0.5,1.0,0.0,0,59,59,61,2,7,-5,9,4,5,2,0
ŠK Slovan Bratislava,Slovan Bratislava,2021/2022,Slovakia,4,2,2,0,1,1,0,1,1,0,2,0,2,1.0,2.0,0.0,0,60,60,46,5,5,0,10,2,8,2,3
HB Tórshavn,HB,2021/2022,Faroe Islands,1,1,0,0,0,0,0,0,0,0,1,1,0,0.0,0.0,0.0,0,61,61,63,0,1,-1,1,1,0,0,0
Riga FC,Riga,2021/2022,Latvia,2,1,1,0,0,0,0,1,1,0,1,0,1,0.5,1.0,0.0,0,62,62,57,1,2,-1,3,2,1,1,0
Linfield FC,Linfield,2021/2022,Northern Ireland,2,1,1,0,0,0,0,0,0,0,2,1,1,0.0,0.0,0.0,0,63,63,72,2,5,-3,7,3,4,1,1
FK Budućnost Podgorica,Budućnost,2021/2022,Montenegro,2,1,1,0,0,0,0,0,0,0,2,1,1,0.0,0.0,0.0,0,65,65,79,1,7,-6,8,4,4,0,1
KS Teuta Durrës,Teuta Durrës,2021/2022,Albania,2,1,1,0,0,0,0,0,0,0,2,1,1,0.0,0.0,0.0,0,66,66,76,0,5,-5,5,4,1,0,0
NŠ Mura,Mura,2021/2022,Slovenia,4,2,2,0,2,1,1,1,1,0,1,0,1,1.75,2.0,1.5,0,67,67,30,7,3,4,10,5,5,5,2
Shamrock Rovers FC,Shamrock Rovers,2021/2022,Republic of Ireland,2,1,1,0,1,1,0,0,0,0,1,0,1,1.5,3.0,0.0,0,68,68,54,2,3,-1,5,3,2,2,0
Connah's Quay Nomads FC,Connah's Quay,2021/2022,Wales,2,1,1,0,0,0,0,1,1,0,1,0,1,0.5,1.0,0.0,0,69,69,59,2,3,-1,5,4,1,2,0
Maccabi Haifa FC,Maccabi Haifa,2021/2022,Israel,2,1,1,0,0,0,0,1,1,0,1,0,1,0.5,1.0,0.0,0,70,70,60,1,3,-2,4,2,2,1,0
Inter Club d'Escaldes,Inter Club d'Escaldes,2021/2022,Andorra,2,0,2,0,1,0,1,0,0,0,1,0,1,1.5,0.0,1.5,0,72,72,51,1,2,-1,3,0,3,0,1
FK Borac Banja Luka,Borac Banja Luka,2021/2022,Bosnia and Herzegovina,2,1,1,0,1,1,0,0,0,0,1,0,1,1.5,3.0,0.0,0,73,73,55,3,4,-1,7,3,4,2,1
Valur Reykjavík,Valur,2021/2022,Iceland,2,1,1,0,0,0,0,0,0,0,2,1,1,0.0,0.0,0.0,0,75,75,73,2,5,-3,7,2,5,0,2
FC Prishtina,Prishtina,2021/2022,Kosovo,4,2,2,0,2,1,1,0,0,0,2,1,1,1.5,1.5,1.5,0,76,76,38,5,6,-1,11,6,5,3,2
FK Kairat Almaty,Kairat,2021/2022,Kazakhstan,4,2,2,0,2,2,0,1,0,1,1,0,1,1.75,3.0,0.5,0,77,77,33,5,7,-2,12,5,7,4,1
KF Shkendija,Shkendija,2021/2022,FYR Macedonia,2,1,1,0,0,0,0,0,0,0,2,1,1,0.0,0.0,0.0,0,78,78,78,0,6,-6,6,1,5,0,0
SCS CFR 1907 Cluj,CFR Cluj,2021/2022,Romania,6,3,3,0,3,2,1,1,1,0,2,0,2,1.67,2.33,1.0,0,79,79,25,10,8,2,18,8,10,6,4
Ferencvárosi TC,Ferencváros,2021/2022,Hungary,8,4,4,0,5,3,2,0,0,0,3,1,2,1.88,2.25,1.5,0,34,34,15,17,9,8,26,12,14,9,8
BSC Young Boys,Young Boys,2021/2022,Switzerland,12,6,6,0,5,4,1,4,1,3,3,1,2,1.58,2.17,1.0,4,22,22,9,20,20,0,40,28,12,15,5
AC Omonia Nicosia,Omonia Nicosia,2021/2022,Cyprus,2,1,1,0,0,0,0,0,0,0,2,1,1,0.0,0.0,0.0,0,74,74,70,0,3,-3,3,1,2,0,0
Red Star Belgrade,Red Star Belgrade,2021/2022,Serbia,4,2,2,0,1,1,0,1,1,0,2,0,2,1.0,2.0,0.0,0,9,9,44,7,4,3,11,7,4,6,1
Olympiakos CFP,Olympiakos Piraeus,2021/2022,Greece,4,2,2,0,2,1,1,2,1,1,0,0,0,2.0,2.0,2.0,0,32,32,28,5,3,2,8,3,5,2,3
SL Benfica,Benfica,2021/2022,Portugal,14,7,7,0,6,4,2,5,1,4,3,2,1,1.64,1.86,1.43,2,11,11,6,20,18,2,38,22,16,12,8
FC Shakhtar Donetsk,Shakhtar Donetsk,2021/2022,Ukraine,10,5,5,0,3,1,2,3,3,0,4,1,3,1.2,1.2,1.2,4,12,12,23,9,16,-7,25,14,11,5,4
KRC Genk,KRC Genk,2021/2022,Belgium,2,1,1,0,0,0,0,0,0,0,2,1,1,0.0,0.0,0.0,0,49,49,68,2,4,-2,6,3,3,1,1
FK Spartak Moskva,Spartak Moskva,2021/2022,Russia,2,1,1,0,0,0,0,0,0,0,2,1,1,0.0,0.0,0.0,0,55,55,74,0,4,-4,4,2,2,0,0
Rangers FC,Rangers,2021/2022,Scotland,2,1,1,0,0,0,0,0,0,0,2,1,1,0.0,0.0,0.0,0,1,1,69,2,4,-2,6,3,3,1,1
SK Slavia Praha,Slavia Praha,2021/2022,Czech Republic,2,1,1,0,1,1,0,0,0,0,1,0,1,1.5,3.0,0.0,0,64,64,52,1,2,-1,3,1,2,1,0
AS Monaco FC,Monaco,2021/2022,Monaco,4,2,2,0,2,1,1,1,0,1,1,1,0,1.75,1.5,2.0,0,6,6,31,7,4,3,11,5,6,3,4
FC Salzburg,Salzburg,2021/2022,Austria,10,5,5,0,5,4,1,2,1,1,3,0,3,1.7,2.6,0.8,2,26,26,13,14,16,-2,30,13,17,9,5
Brøndby IF,Brøndby,2021/2022,Denmark,2,1,1,0,0,0,0,0,0,0,2,1,1,0.0,0.0,0.0,0,71,71,66,2,4,-2,6,3,3,1,1
BVB 09 Borussia Dortmund,Borussia Dortmund,2021/2022,Germany,6,3,3,0,3,2,1,0,0,0,3,1,2,1.5,2.0,1.0,3,2,2,27,10,11,-1,21,10,11,7,3
FC Bayern München,Bayern München,2021/2022,Germany,10,5,5,0,7,4,3,2,1,1,1,0,1,2.3,2.6,2.0,1,3,3,4,31,7,24,38,25,13,21,10
VfL Wolfsburg,Wolfsburg,2021/2022,Germany,6,3,3,0,1,1,0,2,1,1,3,1,2,0.83,1.33,0.33,4,4,4,42,5,10,-5,15,9,6,4,1
Rasen Ballsport Leipzig,RB Leipzig,2021/2022,Germany,6,3,3,0,2,1,1,1,1,0,3,1,2,1.17,1.33,1.0,3,5,5,32,15,14,1,29,10,19,5,10
Paris Saint-Germain FC,PSG,2021/2022,France,8,4,4,0,4,4,0,2,0,2,2,0,2,1.75,3.0,0.5,2,8,8,17,15,11,4,26,13,13,10,5
Villarreal CF,Villarreal,2021/2022,Spain,12,6,6,0,5,2,3,3,2,1,4,2,2,1.5,1.33,1.67,2,10,10,10,20,16,4,36,16,20,8,12
FC Porto,Porto,2021/2022,Portugal,6,3,3,0,1,1,0,2,0,2,3,2,1,0.83,1.0,0.67,3,13,13,43,4,11,-7,15,11,4,3,1
FC Barcelona,FC Barcelona,2021/2022,Spain,6,3,3,0,2,1,1,1,1,0,3,1,2,1.17,1.33,1.0,3,14,14,34,2,9,-7,11,4,7,1,1
Real Madrid CF,Real Madrid,2021/2022,Spain,13,6,7,0,9,4,5,0,0,0,4,2,2,2.08,2.0,2.14,1,15,15,2,29,14,15,43,21,22,13,16
Juventus FC,Juventus,2021/2022,Italy,8,4,4,0,5,3,2,1,0,1,2,1,1,2.0,2.25,1.75,1,20,20,14,11,10,1,21,11,10,6,5
Manchester City FC,Manchester City,2021/2022,England,12,6,6,0,7,5,2,2,1,1,3,0,3,1.92,2.67,1.17,1,21,21,5,29,16,13,45,25,20,17,12
Club Brugge KV,Club Brugge,2021/2022,Belgium,6,3,3,0,1,0,1,1,1,0,4,2,2,0.67,0.33,1.0,4,23,23,50,6,20,-14,26,13,13,2,4
Sevilla FC,Sevilla FC,2021/2022,Spain,6,3,3,0,1,1,0,3,1,2,2,1,1,1.0,1.33,0.67,3,25,25,37,5,5,0,10,7,3,4,1
Beşiktaş,Beşiktaş,2021/2022,Turkey,6,3,3,0,0,0,0,0,0,0,6,3,3,0.0,0.0,0.0,4,28,28,80,3,19,-16,22,11,11,3,0
Sporting Clube de Portugal,Sporting CP,2021/2022,Portugal,8,4,4,0,3,2,1,1,0,1,4,2,2,1.25,1.5,1.0,2,31,31,26,14,17,-3,31,19,12,8,6
Club Atlético de Madrid,Atlético Madrid,2021/2022,Spain,10,5,5,0,3,0,3,3,3,0,4,2,2,1.2,0.6,1.8,2,33,33,22,9,10,-1,19,8,11,3,6
AFC Ajax,Ajax,2021/2022,Netherlands,8,4,4,0,6,3,3,1,0,1,1,1,0,2.38,2.25,2.5,1,35,35,8,22,8,14,30,13,17,10,12
FC Dynamo Kyiv,Dynamo Kyiv,2021/2022,Ukraine,6,3,3,0,0,0,0,1,1,0,5,2,3,0.17,0.33,0.0,4,38,38,62,1,11,-10,12,4,8,1,0
Manchester United FC,Manchester United,2021/2022,England,8,4,4,0,3,2,1,3,1,2,2,1,1,1.5,1.75,1.25,1,39,39,21,12,10,2,22,11,11,6,6
Liverpool FC,Liverpool,2021/2022,England,13,7,6,0,10,4,6,1,1,0,2,2,0,2.38,1.86,3.0,1,40,40,1,30,14,16,44,19,25,12,18
Chelsea FC,Chelsea,2021/2022,England,10,5,5,0,7,4,3,1,0,1,2,1,1,2.2,2.4,2.0,2,41,41,7,21,10,11,31,15,16,12,9
Lille OSC Métropole,Lille,2021/2022,France,8,4,4,0,3,1,2,2,2,0,3,1,2,1.38,1.25,1.5,1,45,45,24,8,8,0,16,4,12,2,6
AC Milan,AC Milan,2021/2022,Italy,6,3,3,0,1,0,1,1,1,0,4,2,2,0.67,0.33,1.0,4,46,46,49,6,9,-3,15,8,7,3,3
Atalanta Bergamasca Calcio,Atalanta,2021/2022,Italy,6,3,3,0,1,1,0,3,1,2,2,1,1,1.0,1.33,0.67,3,47,47,40,12,13,-1,25,10,15,5,7
FC Internazionale Milano,Inter Milan,2021/2022,Italy,8,4,4,0,4,2,2,1,0,1,3,2,1,1.63,1.5,1.75,2,48,48,20,9,7,2,16,9,7,5,4
FK Zenit St. Petersburg,Zenit,2021/2022,Russia,6,3,3,0,1,1,0,2,1,1,3,1,2,0.83,1.33,0.33,3,54,54,41,10,10,0,20,11,9,7,3
Tallinna FC Levadia,Tallinna FC Levadia,2022/2023,Estonia,1,1,0,0,0,0,0,0,0,0,1,1,0,0.0,0.0,0.0,0,57,57,78,1,6,-5,7,7,0,1,0
Víkingur Reykjavík,Víkingur Reykjavík,2022/2023,Iceland,4,1,3,0,2,0,2,1,1,0,1,0,1,1.75,1.0,2.0,0,71,71,29,12,7,5,19,6,13,3,9
FK Sheriff Tiraspol,Sheriff,2022/2023,Moldova,6,3,3,0,2,2,0,2,0,2,2,1,1,1.33,2.0,0.67,0,9,9,27,4,4,0,8,5,3,3,1
The New Saints FC,The New Saints,2022/2023,Wales,2,1,1,0,1,1,0,0,0,0,1,0,1,1.5,3.0,0.0,0,11,11,51,1,2,-1,3,1,2,1,0
Qarabağ Ağdam FK,Qarabağ,2022/2023,Azerbaijan,8,4,4,0,3,2,1,3,2,1,2,0,2,1.5,2.0,1.0,0,14,14,17,15,10,5,25,13,12,9,6
VMFD Žalgiris Vilnius,Žalgiris,2022/2023,Lithuania,6,3,3,0,3,2,1,2,1,1,1,0,1,1.83,2.33,1.33,0,21,21,20,6,7,-1,13,4,9,3,3
HŠK Zrinjski Mostar,Zrinjski,2022/2023,Bosnia and Herzegovina,2,1,1,0,0,0,0,1,1,0,1,0,1,0.5,1.0,0.0,0,23,23,63,0,1,-1,1,0,1,0,0
Lincoln Red Imps FC,Lincoln Red Imps,2022/2023,Gibraltar,2,1,1,0,1,1,0,0,0,0,1,0,1,1.5,3.0,0.0,0,29,29,52,2,3,-1,5,2,3,2,0
F91 Dudelange,F91 Dudelange,2022/2023,Luxembourg,4,2,2,0,3,1,2,0,0,0,1,1,0,2.25,1.5,3.0,0,31,31,25,5,5,0,10,6,4,2,3
PFC Ludogorets 1945 Razgrad,Ludogorets,2022/2023,Bulgaria,6,3,3,0,3,2,1,0,0,0,3,1,2,1.5,2.0,1.0,0,32,32,24,10,8,2,18,8,10,6,4
Ferencvárosi TC,Ferencváros,2022/2023,Hungary,6,3,3,0,2,1,1,2,0,2,2,2,0,1.33,1.0,1.67,0,36,36,26,12,8,4,20,13,7,7,5
FK Bodo - Glimt,FK Bodo - Glimt,2022/2023,Norway,8,4,4,0,4,4,0,1,0,1,3,0,3,1.63,3.0,0.25,0,44,44,14,20,9,11,29,17,12,17,3
Helsingin Jalkapalloklubi,HJK,2022/2023,Finland,4,2,2,0,1,1,0,0,0,0,3,1,2,0.75,1.5,0.0,0,45,45,58,3,9,-6,12,4,8,2,1
FC Shakhtyor Soligorsk,Shakhtyor,2022/2023,Belarus,2,1,1,0,0,0,0,1,0,1,1,1,0,0.5,0.0,1.0,0,51,51,70,0,2,-2,2,2,0,0,0
Pyunik FC,Pyunik,2022/2023,Armenia,6,3,3,0,1,0,1,2,1,1,3,2,1,0.83,0.33,1.33,0,52,52,45,6,11,-5,17,3,14,0,6
Paola Hibernians FC,Hibernians,2022/2023,Malta,2,1,1,0,0,0,0,1,1,0,1,0,1,0.5,1.0,0.0,0,55,55,71,0,3,-3,3,0,3,0,0
KKS Lech Poznań,Lech Poznań,2022/2023,Poland,2,1,1,0,1,1,0,0,0,0,1,0,1,1.5,3.0,0.0,0,56,56,56,2,5,-3,7,1,6,1,1
NK Maribor,Maribor,2022/2023,Slovenia,4,2,2,0,1,0,1,2,2,0,1,0,1,1.25,1.0,1.5,0,58,58,41,2,1,1,3,0,3,0,2
FK Sutjeska Nikšić,Sutjeska,2022/2023,Montenegro,2,1,1,0,0,0,0,0,0,0,2,1,1,0.0,0.0,0.0,0,59,59,77,0,3,-3,3,1,2,0,0
ŠK Slovan Bratislava,Slovan Bratislava,2022/2023,Slovakia,4,2,2,0,2,0,2,1,1,0,1,1,0,1.75,0.5,3.0,0,61,61,32,5,6,-1,11,5,6,1,4
FK Rīgas Futbola skola,Rīgas FS,2022/2023,Latvia,2,1,1,0,1,1,0,0,0,0,1,0,1,1.5,3.0,0.0,0,62,62,50,2,2,0,4,3,1,2,0
Linfield FC,Linfield,2022/2023,Northern Ireland,4,2,2,0,2,2,0,0,0,0,2,0,2,1.5,3.0,0.0,0,63,63,40,3,9,-6,12,3,9,3,0
KF Tirana,Tirana,2022/2023,Albania,2,1,1,0,0,0,0,0,0,0,2,1,1,0.0,0.0,0.0,0,64,64,76,1,3,-2,4,3,1,1,0
Shamrock Rovers FC,Shamrock Rovers,2022/2023,Republic of Ireland,4,2,2,0,2,2,0,1,0,1,1,0,1,1.75,3.0,0.5,0,65,65,30,5,4,1,9,6,3,5,0
KÍ Klaksvík,KÍ,2022/2023,Faroe Islands,2,1,1,0,1,1,0,0,0,0,1,0,1,1.5,3.0,0.0,0,72,72,54,3,4,-1,7,4,3,3,0
FC Dinamo Batumi,Dinamo Batumi,2022/2023,Georgia,2,1,1,0,0,0,0,1,0,1,1,1,0,0.5,0.0,1.0,0,73,73,65,1,2,-1,3,3,0,1,0
SCS CFR 1907 Cluj,CFR Cluj,2022/2023,Romania,2,1,1,0,0,0,0,2,1,1,0,0,0,1.0,1.0,1.0,0,74,74,60,2,2,0,4,4,0,2,0
FK Tobol Kostanay,Tobol,2022/2023,Kazakhstan,2,1,1,0,0,0,0,1,1,0,1,0,1,0.5,1.0,0.0,0,75,75,73,1,5,-4,6,0,6,0,1
KF Shkupi 1927,Shkupi,2022/2023,FYR Macedonia,4,2,2,0,1,1,0,1,0,1,2,1,1,1.0,1.5,0.5,0,76,76,47,5,5,0,10,4,6,3,2
KF Ballkani,Ballkani,2022/2023,Kosovo,2,1,1,0,0,0,0,1,1,0,1,0,1,0.5,1.0,0.0,0,77,77,64,1,2,-1,3,2,1,1,0
SP La Fiorita,La Fiorita,2022/2023,San Marino,1,1,0,0,0,0,0,0,0,0,1,1,0,0.0,0.0,0.0,0,60,60,74,1,2,-1,3,3,0,1,0
Inter Club d'Escaldes,Inter Club d'Escaldes,2022/2023,Andorra,2,1,1,0,1,0,1,0,0,0,1,1,0,1.5,0.0,3.0,0,68,68,49,2,2,0,4,1,3,0,2
Fenerbahçe,Fenerbahçe,2022/2023,Turkey,2,1,1,0,0,0,0,1,0,1,1,1,0,0.5,0.0,1.0,0,30,30,66,1,2,-1,3,3,0,1,0
Olympiakos CFP,Olympiakos Piraeus,2022/2023,Greece,2,1,1,0,0,0,0,1,0,1,1,1,0,0.5,0.0,1.0,0,34,34,72,1,5,-4,6,4,2,0,1
FC Dynamo Kyiv,Dynamo Kyiv,2022/2023,Ukraine,6,3,3,0,3,1,2,1,1,0,2,1,1,1.67,1.33,2.0,0,40,40,22,5,7,-2,12,3,9,1,4
FC Midtjylland,Midtjylland,2022/2023,Denmark,4,2,2,0,0,0,0,2,1,1,2,1,1,0.5,0.5,0.5,0,54,54,61,4,9,-5,13,6,7,2,2
Maccabi Haifa FC,Maccabi Haifa,2022/2023,Israel,12,6,6,0,4,3,1,2,1,1,6,2,4,1.17,1.67,0.67,4,66,66,13,21,28,-7,49,24,25,12,9
AEK Larnaca,AEK Larnaca,2022/2023,Cyprus,2,1,1,0,0,0,0,2,1,1,0,0,0,1.0,1.0,1.0,0,69,69,59,2,2,0,4,2,2,1,1
Malmö FF,Malmö FF,2022/2023,Sweden,4,2,2,0,1,1,0,1,0,1,2,1,1,1.0,1.5,0.5,0,50,50,48,6,8,-2,14,7,7,3,3
FC Viktoria Plzeň,Viktoria Plzeň,2022/2023,Czech Republic,12,6,6,0,5,3,2,1,0,1,6,3,3,1.33,1.5,1.17,4,15,15,10,18,28,-10,46,25,21,13,5
GNK Dinamo Zagreb,Dinamo Zagreb,2022/2023,Croatia,12,6,6,0,5,3,2,2,2,0,5,1,4,1.42,1.83,1.0,4,39,39,8,17,18,-1,35,22,13,12,5
FC Zürich,Zürich,2022/2023,Switzerland,2,1,1,0,0,0,0,1,1,0,1,0,1,0.5,1.0,0.0,0,53,53,69,4,5,-1,9,4,5,2,2
Rangers FC,Rangers,2022/2023,Scotland,10,5,5,0,2,1,1,1,1,0,7,3,4,0.7,0.8,0.6,4,1,1,35,8,26,-18,34,22,12,7,1
AS Monaco FC,Monaco,2022/2023,Monaco,2,1,1,0,0,0,0,1,1,0,1,0,1,0.5,1.0,0.0,0,8,8,68,3,4,-1,7,2,5,1,2
PSV Eindhoven,PSV,2022/2023,Netherlands,4,2,2,0,1,1,0,2,0,2,1,1,0,1.25,1.5,1.0,0,38,38,42,6,6,0,12,6,6,3,3
Royal Union Saint-Gilloise,Union Saint-Gilloise,2022/2023,Belgium,2,1,1,0,1,1,0,0,0,0,1,0,1,1.5,3.0,0.0,0,67,67,53,2,3,-1,5,2,3,2,0
Red Star Belgrade,Red Star Belgrade,2022/2023,Serbia,4,2,2,0,2,1,1,1,1,0,1,0,1,1.75,2.0,1.5,0,12,12,28,11,5,6,16,9,7,7,4
SL Benfica,Benfica,2022/2023,Portugal,14,7,7,0,10,5,5,3,1,2,1,1,0,2.36,2.29,2.43,1,16,16,1,38,15,23,53,27,26,19,19
SK Sturm Graz,Sturm Graz,2022/2023,Austria,2,1,1,0,0,0,0,0,0,0,2,1,1,0.0,0.0,0.0,0,49,49,75,1,3,-2,4,3,1,1,0
Apollon Limassol,Apollon,2022/2023,Cyprus,2,1,1,0,1,1,0,0,0,0,1,0,1,1.5,3.0,0.0,0,70,70,55,2,4,-2,6,2,4,2,0
FC København,København,2022/2023,Denmark,8,4,4,0,1,1,0,4,3,1,3,0,3,0.88,1.5,0.25,4,7,7,34,3,13,-10,16,5,11,3,0
Trabzonspor,Trabzonspor,2022/2023,Turkey,2,1,1,0,0,0,0,1,1,0,1,0,1,0.5,1.0,0.0,0,43,43,67,1,2,-1,3,0,3,0,1
Celtic FC,Celtic,2022/2023,Scotland,6,3,3,0,0,0,0,2,1,1,4,2,2,0.33,0.33,0.33,4,0,0,62,4,15,-11,19,7,12,1,3
BVB 09 Borussia Dortmund,Borussia Dortmund,2022/2023,Germany,8,4,4,0,3,2,1,3,2,1,2,0,2,1.5,2.0,1.0,2,2,2,18,11,7,4,18,6,12,5,6
FC Bayern München,Bayern München,2022/2023,Germany,10,5,5,0,8,4,4,1,1,0,1,0,1,2.5,2.6,2.4,1,3,3,4,22,6,16,28,13,15,12,10
Bayer 04 Leverkusen,Bayer Leverkusen,2022/2023,Germany,6,3,3,0,1,1,0,2,1,1,3,1,2,0.83,1.33,0.33,3,4,4,43,4,8,-4,12,5,7,2,2
Eintracht Frankfurt,Eintracht Frankfurt,2022/2023,Germany,8,4,4,0,3,1,2,1,1,0,4,2,2,1.25,1.0,1.5,2,5,5,23,7,13,-6,20,8,12,2,5
Rasen Ballsport Leipzig,RB Leipzig,2022/2023,Germany,8,4,4,0,4,2,2,1,1,0,3,1,2,1.63,1.75,1.5,2,6,6,16,14,17,-3,31,16,15,8,6
Paris Saint-Germain FC,PSG,2022/2023,France,8,4,4,0,4,2,2,2,1,1,2,1,1,1.75,1.75,1.75,2,10,10,12,16,10,6,26,15,11,10,6
SSC Napoli,Napoli,2022/2023,Italy,10,5,5,0,7,4,3,1,1,0,2,0,2,2.2,2.6,1.8,1,13,13,6,26,8,18,34,19,15,15,11
FC Shakhtar Donetsk,Shakhtar Donetsk,2022/2023,Ukraine,6,3,3,0,1,0,1,3,2,1,2,1,1,1.0,0.67,1.33,3,17,17,37,8,10,-2,18,8,10,2,6
FC Porto,Porto,2022/2023,Portugal,8,4,4,0,4,2,2,1,1,0,3,1,2,1.63,1.75,1.5,1,18,18,15,12,8,4,20,9,11,4,8
FC Barcelona,FC Barcelona,2022/2023,Spain,6,3,3,0,2,1,1,1,1,0,3,1,2,1.17,1.33,1.0,3,19,19,31,12,12,0,24,15,9,8,4
Real Madrid CF,Real Madrid,2022/2023,Spain,12,6,6,0,8,5,3,2,1,1,2,0,2,2.17,2.67,1.67,1,20,20,3,26,13,13,39,16,23,13,13
Juventus FC,Juventus,2022/2023,Italy,6,3,3,0,1,1,0,0,0,0,5,2,3,0.5,1.0,0.0,3,22,22,57,9,13,-4,22,10,12,5,4
Tottenham Hotspur FC,Tottenham Hotspur,2022/2023,England,8,4,4,0,3,2,1,3,2,1,2,0,2,1.5,2.0,1.0,1,24,24,19,8,7,1,15,9,6,6,2
Manchester City FC,Manchester City,2022/2023,England,13,7,6,0,8,7,1,5,0,5,0,0,0,2.23,3.0,1.33,1,25,25,2,32,5,27,37,27,10,25,7
Club Brugge KV,Club Brugge,2022/2023,Belgium,8,4,4,0,3,2,1,2,0,2,3,2,1,1.38,1.5,1.25,2,26,26,21,8,11,-3,19,9,10,3,5
Sevilla FC,Sevilla FC,2022/2023,Spain,6,3,3,0,1,1,0,2,0,2,3,2,1,0.83,1.0,0.67,3,27,27,46,6,12,-6,18,12,6,4,2
FC Salzburg,Salzburg,2022/2023,Austria,6,3,3,0,1,1,0,3,1,2,2,1,1,1.0,1.33,0.67,3,28,28,38,5,9,-4,14,6,8,3,2
Sporting Clube de Portugal,Sporting CP,2022/2023,Portugal,6,3,3,0,2,1,1,1,0,1,3,2,1,1.17,1.0,1.33,3,33,33,33,8,9,-1,17,7,10,3,5
Club Atlético de Madrid,Atlético Madrid,2022/2023,Spain,6,3,3,0,1,1,0,2,2,0,3,0,3,0.83,1.67,0.0,4,35,35,44,5,9,-4,14,7,7,4,1
AFC Ajax,Ajax,2022/2023,Netherlands,6,3,3,0,2,1,1,0,0,0,4,2,2,1.0,1.0,1.0,3,37,37,39,11,16,-5,27,14,13,5,6
Liverpool FC,Liverpool,2022/2023,England,8,4,4,0,5,3,2,0,0,0,3,1,2,1.88,2.25,1.5,2,41,41,11,19,12,7,31,14,17,8,11
Chelsea FC,Chelsea,2022/2023,England,10,5,5,0,5,3,2,1,1,0,4,1,3,1.6,2.0,1.2,1,42,42,9,12,9,3,21,12,9,8,4
Olympique de Marseille,Olympique Marseille,2022/2023,France,6,3,3,0,2,1,1,0,0,0,4,2,2,1.0,1.0,1.0,4,46,46,36,8,8,0,16,9,7,5,3
AC Milan,AC Milan,2022/2023,Italy,12,6,6,0,5,4,1,3,0,3,4,2,2,1.5,2.0,1.0,2,47,47,7,15,11,4,26,14,12,9,6
FC Internazionale Milano,Inter Milan,2022/2023,Italy,13,6,7,0,7,4,3,3,1,2,3,1,2,1.85,2.17,1.57,2,48,48,5,19,11,8,30,15,15,10,9
FK Budućnost Podgorica,Budućnost,2023/2024,Montenegro,2,1,1,0,1,0,1,0,0,0,1,1,0,1.5,0.0,3.0,0,62,62,56,3,5,-2,8,5,3,0,3
M-Perruquers Atlètic Club d'Escaldes,Atlètic Club d'Escaldes,2023/2024,Andorra,1,1,0,0,0,0,0,0,0,0,1,1,0,0.0,0.0,0.0,0,69,69,71,0,3,-3,3,3,0,0,0
FK Sheriff Tiraspol,Sheriff,2023/2024,Moldova,4,2,2,0,2,2,0,0,0,0,2,0,2,1.5,3.0,0.0,0,7,7,36,5,5,0,10,4,6,4,1
KF Partizani Tirana,Partizani Tirana,2023/2024,Albania,2,1,1,0,0,0,0,1,1,0,1,0,1,0.5,1.0,0.0,0,8,8,64,1,3,-2,4,2,2,1,0
The New Saints FC,The New Saints,2023/2024,Wales,2,1,1,0,0,0,0,0,0,0,2,1,1,0.0,0.0,0.0,0,10,10,73,1,5,-4,6,2,4,0,1
Qarabağ Ağdam FK,Qarabağ,2023/2024,Azerbaijan,4,2,2,0,2,1,1,1,1,0,1,0,1,1.75,2.0,1.5,0,13,13,32,9,5,4,14,6,8,5,4
FK Astana,Astana,2023/2024,Kazakhstan,4,2,2,0,1,0,1,1,1,0,2,1,1,1.0,0.5,1.5,0,16,16,49,3,8,-5,11,4,7,1,2
VMFD Žalgiris Vilnius,Žalgiris,2023/2024,Lithuania,4,2,2,0,1,0,1,2,2,0,1,0,1,1.25,1.0,1.5,0,20,20,39,4,4,0,8,4,4,2,2
FC BATE Borisov,BATE,2023/2024,Belarus,4,2,2,0,1,1,0,1,0,1,2,1,1,1.0,1.5,0.5,0,22,22,48,8,12,-4,20,10,10,5,3
Tallinna FC Flora,Tallinna FC Flora,2023/2024,Estonia,2,1,1,0,0,0,0,0,0,0,2,1,1,0.0,0.0,0.0,0,23,23,72,0,4,-4,4,3,1,0,0
FC Dinamo Tbilisi,Dinamo Tbilisi,2023/2024,Georgia,2,1,1,0,0,0,0,1,0,1,1,1,0,0.5,0.0,1.0,0,24,24,62,2,3,-1,5,3,2,1,1
HŠK Zrinjski Mostar,Zrinjski,2023/2024,Bosnia and Herzegovina,4,2,2,0,1,0,1,1,0,1,2,2,0,1.0,0.0,2.0,0,25,25,44,5,6,-1,11,6,5,2,3
Lincoln Red Imps FC,Lincoln Red Imps,2023/2024,Gibraltar,2,1,1,0,0,0,0,0,0,0,2,1,1,0.0,0.0,0.0,0,31,31,75,1,6,-5,7,3,4,1,0
PFC Ludogorets 1945 Razgrad,Ludogorets,2023/2024,Bulgaria,4,2,2,0,1,1,0,1,1,0,2,0,2,1.0,2.0,0.0,0,32,32,42,6,5,1,11,6,5,5,1
NK Olimpija Ljubljana,Olimpija,2023/2024,Slovenia,6,3,3,0,3,2,1,1,0,1,2,1,1,1.67,2.0,1.33,0,33,33,22,7,8,-1,15,9,6,4,3
Ferencvárosi TC,Ferencváros,2023/2024,Hungary,2,1,1,0,0,0,0,1,0,1,1,1,0,0.5,0.0,1.0,0,35,35,67,0,3,-3,3,3,0,0,0
Helsingin Jalkapalloklubi,HJK,2023/2024,Finland,4,2,2,0,2,2,0,1,0,1,1,0,1,1.75,3.0,0.5,0,45,45,33,4,4,0,8,2,6,2,2
BK Häcken,Häcken,2023/2024,Sweden,4,2,2,0,2,1,1,2,1,1,0,0,0,2.0,2.0,2.0,0,54,54,26,8,4,4,12,10,2,6,2
KS Raków Częstochowa,Raków Częstochowa,2023/2024,Poland,8,4,4,0,5,3,2,2,0,2,1,1,0,2.13,2.25,2.0,0,55,55,11,12,6,6,18,10,8,6,6
FC Banants,Banants,2023/2024,Armenia,2,1,1,0,1,0,1,0,0,0,1,1,0,1.5,0.0,3.0,0,56,56,52,3,3,0,6,1,5,0,3
ŠK Slovan Bratislava,Slovan Bratislava,2023/2024,Slovakia,6,3,3,0,2,0,2,2,2,0,2,1,1,1.33,0.67,2.0,0,59,59,27,8,8,0,16,9,7,4,4
Larne FC,Larne,2023/2024,Northern Ireland,2,1,1,0,0,0,0,1,1,0,1,0,1,0.5,1.0,0.0,0,66,66,63,2,3,-1,5,4,1,2,0
Maccabi Haifa FC,Maccabi Haifa,2023/2024,Israel,8,4,4,0,5,3,2,1,1,0,2,0,2,2.0,2.5,1.5,0,67,67,13,15,8,7,23,12,11,9,6
Hamrun Spartans FC,Hamrun Spartans,2023/2024,Malta,2,1,1,0,0,0,0,0,0,0,2,1,1,0.0,0.0,0.0,0,68,68,74,1,6,-5,7,4,3,0,1
FC Swift Hesperange,Swift Hesperange,2023/2024,Luxembourg,2,1,1,0,0,0,0,1,0,1,1,1,0,0.5,0.0,1.0,0,72,72,65,1,3,-2,4,2,2,0,1
KÍ Klaksvík,KÍ,2023/2024,Faroe Islands,6,3,3,0,2,1,1,3,2,1,1,0,1,1.5,1.67,1.33,0,73,73,23,8,6,2,14,3,11,2,6
Valmiera Glass FK / Bērnu sporta skola,Valmiera / BSS,2023/2024,Latvia,2,1,1,0,0,0,0,0,0,0,2,1,1,0.0,0.0,0.0,0,74,74,70,2,4,-2,6,3,3,1,1
FC Struga Trim-Lum,Struga,2023/2024,FYR Macedonia,2,1,1,0,0,0,0,1,0,1,1,1,0,0.5,0.0,1.0,0,75,75,61,1,2,-1,3,3,0,1,0
SSC Farul Constanţa,SSC Farul,2023/2024,Romania,2,1,1,0,1,1,0,0,0,0,1,0,1,1.5,3.0,0.0,0,76,76,54,1,3,-2,4,1,3,1,0
KF Ballkani,Ballkani,2023/2024,Kosovo,2,1,1,0,1,1,0,0,0,0,1,0,1,1.5,3.0,0.0,0,77,77,55,2,4,-2,6,2,4,2,0
SP Tre Penne,Tre Penne,2023/2024,San Marino,1,1,0,0,0,0,0,0,0,0,1,1,0,0.0,0.0,0.0,0,29,29,78,1,7,-6,8,8,0,1,0
Breidablik UBK,Breidablik,2023/2024,Iceland,6,2,4,0,4,1,3,0,0,0,2,1,1,2.0,1.5,2.25,0,71,71,19,18,10,8,28,5,23,2,16
KRC Genk,KRC Genk,2023/2024,Belgium,2,1,1,0,0,0,0,2,1,1,0,0,0,1.0,1.0,1.0,0,51,51,57,3,3,0,6,4,2,2,1
Servette FC,Servette,2023/2024,Switzerland,4,2,2,0,0,0,0,3,2,1,1,0,1,0.75,1.0,0.5,0,57,57,53,5,6,-1,11,4,7,2,3
Panathinaikos FC,Panathinaikos,2023/2024,Greece,6,3,3,0,2,1,1,1,1,0,3,1,2,1.17,1.33,1.0,0,58,58,34,8,8,0,16,6,10,3,5
SC Dnipro-1,Dnipro-1,2023/2024,Ukraine,2,1,1,0,0,0,0,1,0,1,1,1,0,0.5,0.0,1.0,0,63,63,66,3,5,-2,8,4,4,1,2
Shamrock Rovers FC,Shamrock Rovers,2023/2024,Republic of Ireland,2,1,1,0,0,0,0,0,0,0,2,1,1,0.0,0.0,0.0,0,65,65,69,1,3,-2,4,1,3,0,1
FC København,København,2023/2024,Denmark,14,7,7,0,5,3,2,5,2,3,4,2,2,1.43,1.57,1.29,2,5,5,8,23,21,2,44,26,18,14,9
Galatasaray,Galatasaray,2023/2024,Turkey,12,6,6,0,6,3,3,3,2,1,3,1,2,1.75,1.83,1.67,3,41,41,5,22,18,4,40,19,21,10,12
GNK Dinamo Zagreb,Dinamo Zagreb,2023/2024,Croatia,4,2,2,0,2,1,1,1,0,1,1,1,0,1.75,1.5,2.0,0,37,37,31,9,4,5,13,7,6,5,4
Molde FK,Molde,2023/2024,Norway,6,3,3,0,2,2,0,0,0,0,4,1,3,1.0,2.0,0.0,0,43,43,37,8,8,0,16,9,7,6,2
Aris FC Limassol,Aris,2023/2024,Cyprus,4,2,2,0,2,1,1,0,0,0,2,1,1,1.5,1.5,1.5,0,70,70,35,12,8,4,20,9,11,6,6
PSV Eindhoven,PSV,2023/2024,Netherlands,12,6,6,0,5,3,2,5,3,2,2,0,2,1.67,2.0,1.33,2,36,36,7,23,18,5,41,20,21,14,9
Sporting Braga,Sporting Braga,2023/2024,Portugal,10,5,5,0,5,2,3,1,1,0,4,2,2,1.6,1.4,1.8,3,40,40,14,16,14,2,30,14,16,8,8
SK Sturm Graz,Sturm Graz,2023/2024,Austria,2,1,1,0,0,0,0,0,0,0,2,1,1,0.0,0.0,0.0,0,53,53,76,2,7,-5,9,4,5,1,1
FK Bačka Topola,Bačka Topola,2023/2024,Serbia,2,1,1,0,0,0,0,0,0,0,2,1,1,0.0,0.0,0.0,0,64,64,77,1,7,-6,8,5,3,1,0
Olympique de Marseille,Olympique Marseille,2023/2024,France,2,1,1,0,1,1,0,0,0,0,1,0,1,1.5,3.0,0.0,0,46,46,51,2,2,0,4,3,1,2,0
Rangers FC,Rangers,2023/2024,Scotland,4,2,2,0,1,1,0,2,1,1,1,0,1,1.25,2.0,0.5,0,1,1,41,6,9,-3,15,7,8,4,2
AC Sparta Praha,Sparta Praha,2023/2024,Czech Republic,2,1,1,0,0,0,0,2,1,1,0,0,0,1.0,1.0,1.0,0,21,21,58,3,3,0,6,6,0,3,0
AEK Athens FC,AEK Athens,2023/2024,Greece,4,2,2,0,1,0,1,1,1,0,2,1,1,1.0,0.5,1.5,0,61,61,43,5,6,-1,11,7,4,3,2
BSC Young Boys,Young Boys,2023/2024,Switzerland,8,4,4,0,2,2,0,2,0,2,4,2,2,1.0,1.5,0.5,3,27,27,29,10,13,-3,23,13,10,7,3
Royal Antwerp FC,Royal Antwerp FC,2023/2024,Belgium,8,4,4,0,3,2,1,0,0,0,5,2,3,1.13,1.5,0.75,4,60,60,25,9,18,-9,27,16,11,7,2
Celtic FC,Celtic,2023/2024,Scotland,6,3,3,0,1,1,0,1,1,0,4,1,3,0.67,1.33,0.0,4,0,0,50,5,15,-10,20,10,10,5,0
BVB 09 Borussia Dortmund,Borussia Dortmund,2023/2024,Germany,13,7,6,0,7,4,3,3,2,1,3,1,2,1.85,2.0,1.67,1,2,2,4,17,11,6,28,15,13,10,7
FC Bayern München,Bayern München,2023/2024,Germany,12,6,6,0,7,4,3,3,2,1,2,0,2,2.0,2.33,1.67,1,3,3,3,21,13,8,34,18,16,12,9
Rasen Ballsport Leipzig,RB Leipzig,2023/2024,Germany,8,4,4,0,4,2,2,1,0,1,3,2,1,1.63,1.5,1.75,2,4,4,17,14,12,2,26,12,14,6,8
Arsenal FC,Arsenal,2023/2024,England,10,5,5,0,5,4,1,2,1,1,3,0,3,1.7,2.6,0.8,1,6,6,10,19,8,11,27,17,10,15,4
Paris Saint-Germain FC,PSG,2023/2024,France,12,6,6,0,5,3,2,2,1,1,5,2,3,1.42,1.67,1.17,2,9,9,12,19,15,4,34,15,19,10,9
Red Star Belgrade,Red Star Belgrade,2023/2024,Serbia,6,3,3,0,0,0,0,1,1,0,5,2,3,0.17,0.33,0.0,4,11,11,68,7,15,-8,22,12,10,5,2
SSC Napoli,Napoli,2023/2024,Italy,8,4,4,0,3,1,2,2,2,0,3,1,2,1.38,1.25,1.5,2,12,12,21,12,13,-1,25,11,14,6,6
SL Benfica,Benfica,2023/2024,Portugal,6,3,3,0,1,0,1,1,1,0,4,2,2,0.67,0.33,1.0,4,14,14,47,7,11,-4,18,9,9,3,4
FC Shakhtar Donetsk,Shakhtar Donetsk,2023/2024,Ukraine,6,3,3,0,3,2,1,0,0,0,3,1,2,1.5,2.0,1.0,3,15,15,24,10,12,-2,22,6,16,3,7
FC Porto,Porto,2023/2024,Portugal,8,4,4,0,5,3,2,0,0,0,3,1,2,1.88,2.25,1.5,1,17,17,15,16,9,7,25,12,13,8,8
FC Barcelona,FC Barcelona,2023/2024,Spain,10,5,5,0,6,4,2,1,0,1,3,1,2,1.9,2.4,1.4,2,18,18,9,20,14,6,34,20,14,13,7
Real Madrid CF,Real Madrid,2023/2024,Spain,13,6,7,0,9,4,5,4,2,2,0,0,0,2.38,2.33,2.43,1,19,19,1,28,15,13,43,21,22,14,14
Manchester City FC,Manchester City,2023/2024,England,10,5,5,0,8,4,4,2,1,1,0,0,0,2.6,2.6,2.6,1,26,26,2,28,13,15,41,18,23,13,15
Sevilla FC,Sevilla FC,2023/2024,Spain,6,3,3,0,0,0,0,2,1,1,4,2,2,0.33,0.33,0.33,4,28,28,60,7,12,-5,19,10,9,4,3
FC Salzburg,Salzburg,2023/2024,Austria,6,3,3,0,1,0,1,1,0,1,4,3,1,0.67,0.0,1.33,3,30,30,46,4,8,-4,12,7,5,1,3
Club Atlético de Madrid,Atlético Madrid,2023/2024,Spain,10,5,5,0,6,5,1,2,0,2,2,0,2,2.0,3.0,1.0,1,34,34,6,23,13,10,36,19,17,15,8
Manchester United FC,Manchester United,2023/2024,England,6,3,3,0,1,1,0,1,0,1,4,2,2,0.67,1.0,0.33,4,38,38,45,12,15,-3,27,7,20,3,9
Newcastle United FC,Newcastle United,2023/2024,England,6,3,3,0,1,1,0,2,0,2,3,2,1,0.83,1.0,0.67,4,39,39,40,6,7,-1,13,9,4,5,1
Real Sociedad de Fútbol,Real Sociedad,2023/2024,Spain,8,4,4,0,3,1,2,3,2,1,2,1,1,1.5,1.25,1.75,1,42,42,20,8,6,2,14,9,5,5,3
Feyenoord Rotterdam,Feyenoord,2023/2024,Netherlands,6,3,3,0,2,2,0,0,0,0,4,1,3,1.0,2.0,0.0,3,44,44,38,9,10,-1,19,10,9,6,3
Racing Club de Lens,Lens,2023/2024,France,6,3,3,0,2,2,0,2,1,1,2,0,2,1.33,2.33,0.33,3,47,47,30,6,11,-5,17,8,9,5,1
AC Milan,AC Milan,2023/2024,Italy,6,3,3,0,2,1,1,2,1,1,2,1,1,1.33,1.33,1.33,3,48,48,28,5,8,-3,13,7,6,3,2
SS Lazio,Lazio,2023/2024,Italy,8,4,4,0,4,3,1,1,1,0,3,0,3,1.63,2.5,0.75,2,49,49,18,8,10,-2,18,6,12,5,3
FC Internazionale Milano,Inter Milan,2023/2024,Italy,8,4,4,0,4,3,1,3,1,2,1,0,1,1.88,2.5,1.25,2,50,50,16,10,7,3,17,5,12,4,6
1. FC Union Berlin,Union Berlin,2023/2024,Germany,6,3,3,0,0,0,0,2,0,2,4,3,1,0.33,0.0,0.67,4,52,52,59,6,10,-4,16,11,5,4,2
SSC Napoli,Napoli,2008/2009,Italy,38,19,19,0,12,10,2,10,5,5,16,4,12,1.21,1.84,0.58,12,10,17,12,43,45,-2,88,43,45,27,16
Juventus FC,Juventus,2008/2009,Italy,38,19,19,0,21,11,10,11,6,5,6,2,4,1.95,2.05,1.84,3,7,2,3,69,37,32,106,57,49,38,31
AS Roma,Roma,2008/2009,Italy,38,19,19,0,18,13,5,9,4,5,11,2,9,1.66,2.26,1.05,6,4,8,6,64,61,3,125,58,67,35,29
Cagliari Calcio,Cagliari,2008/2009,Italy,38,19,19,0,15,11,4,8,4,4,15,4,11,1.39,1.95,0.84,9,9,10,9,49,50,-1,99,36,63,24,25
Torino FC,Torino,2008/2009,Italy,38,19,19,0,8,7,1,10,4,6,20,8,12,0.89,1.32,0.47,18,16,20,18,37,61,-24,98,46,52,21,16
Genoa CFC,Genoa,2008/2009,Italy,38,19,19,0,19,12,7,11,5,6,8,2,6,1.79,2.16,1.42,4,6,4,4,56,39,17,95,58,37,39,17
AC Milan,AC Milan,2008/2009,Italy,38,19,19,0,22,14,8,8,3,5,8,2,6,1.95,2.37,1.53,2,2,3,2,70,35,35,105,51,54,39,31
US Città di Palermo,Palermo,2008/2009,Italy,38,19,19,0,17,14,3,6,1,5,15,4,11,1.5,2.26,0.74,8,5,13,8,57,50,7,107,67,40,42,15
SS Lazio,Lazio,2008/2009,Italy,38,19,19,0,15,8,7,5,4,1,18,7,11,1.32,1.47,1.16,10,15,6,10,46,55,-9,101,47,54,23,23
Atalanta Bergamasca Calcio,Atalanta,2008/2009,Italy,38,19,19,0,13,10,3,8,3,5,17,6,11,1.24,1.74,0.74,11,12,14,11,45,48,-3,93,45,48,28,17
UC Sampdoria,Sampdoria,2008/2009,Italy,38,19,19,0,11,8,3,13,8,5,14,3,11,1.21,1.68,0.74,13,14,12,13,49,52,-3,101,54,47,33,16
Udinese Calcio,Udinese,2008/2009,Italy,38,19,19,0,16,11,5,10,5,5,12,3,9,1.53,2.0,1.05,7,8,9,7,61,50,11,111,54,57,36,25
Bologna FC 1909,Bologna,2008/2009,Italy,38,19,19,0,9,6,3,10,3,7,19,10,9,0.97,1.11,0.84,17,17,11,17,43,62,-19,105,58,47,27,16
AC Chievo Verona,Chievo,2008/2009,Italy,38,19,19,0,8,3,5,14,8,6,16,8,8,1.0,0.89,1.11,16,20,7,16,35,49,-14,84,38,46,15,20
FC Internazionale Milano,Inter Milan,2008/2009,Italy,38,19,19,0,25,14,11,9,5,4,4,0,4,2.21,2.47,1.95,1,1,1,1,70,32,38,102,53,49,37,33
ACF Fiorentina,Fiorentina,2008/2009,Italy,38,19,19,0,21,14,7,5,2,3,12,3,9,1.79,2.32,1.26,5,3,5,5,53,38,15,91,43,48,29,24
Calcio Catania,Catania,2008/2009,Italy,38,19,19,0,12,11,1,7,1,6,19,7,12,1.13,1.79,0.47,15,11,19,15,41,51,-10,92,46,46,24,17
Robur Siena Srl,Robur Siena,2008/2009,Italy,38,19,19,0,12,9,3,8,5,3,18,5,13,1.16,1.68,0.63,14,13,16,14,33,44,-11,77,36,41,18,15
Urbs Sportiva Reggina 1914,Reggina,2008/2009,Italy,38,19,19,0,6,3,3,13,9,4,19,7,12,0.82,0.95,0.68,19,19,15,19,30,62,-32,92,50,42,23,7
US Lecce,Lecce,2008/2009,Italy,38,19,19,0,5,3,2,15,10,5,18,6,12,0.79,1.0,0.58,20,18,18,20,37,67,-30,104,48,56,20,17
SSC Napoli,Napoli,2009/2010,Italy,38,19,19,0,15,9,6,14,8,6,9,2,7,1.55,1.84,1.26,6,8,5,6,50,43,7,93,42,51,26,24
Juventus FC,Juventus,2009/2010,Italy,38,19,19,0,16,9,7,7,4,3,15,6,9,1.45,1.63,1.26,7,11,6,7,55,56,-1,111,58,53,32,23
AS Roma,Roma,2009/2010,Italy,38,19,19,0,24,15,9,8,1,7,6,3,3,2.11,2.42,1.79,2,2,1,2,68,41,27,109,53,56,36,32
Cagliari Calcio,Cagliari,2009/2010,Italy,38,19,19,0,11,7,4,11,7,4,16,5,11,1.16,1.47,0.84,14,14,12,14,56,58,-2,114,66,48,37,19
Genoa CFC,Genoa,2009/2010,Italy,38,19,19,0,14,11,3,9,5,4,15,3,12,1.34,2.0,0.68,9,6,15,9,57,61,-4,118,70,48,42,15
AC Milan,AC Milan,2009/2010,Italy,38,19,19,0,20,12,8,10,5,5,8,2,6,1.84,2.16,1.53,3,5,3,3,60,39,21,99,57,42,37,23
US Città di Palermo,Palermo,2009/2010,Italy,38,19,19,0,18,13,5,11,6,5,9,0,9,1.71,2.37,1.05,5,4,9,5,59,47,12,106,48,58,34,25
SS Lazio,Lazio,2009/2010,Italy,38,19,19,0,11,5,6,13,6,7,14,8,6,1.21,1.11,1.32,12,18,4,12,39,43,-4,82,40,42,19,20
Atalanta Bergamasca Calcio,Atalanta,2009/2010,Italy,38,19,19,0,9,7,2,8,5,3,21,7,14,0.92,1.37,0.47,18,15,19,18,37,53,-16,90,44,46,24,13
UC Sampdoria,Sampdoria,2009/2010,Italy,38,19,19,0,19,13,6,10,6,4,9,0,9,1.76,2.37,1.16,4,3,7,4,49,41,8,90,41,49,31,18
Udinese Calcio,Udinese,2009/2010,Italy,38,19,19,0,11,10,1,11,5,6,16,4,12,1.16,1.84,0.47,16,9,20,16,54,59,-5,113,63,50,38,16
Bologna FC 1909,Bologna,2009/2010,Italy,38,19,19,0,10,7,3,12,5,7,16,7,9,1.11,1.37,0.84,17,16,13,17,42,55,-13,97,52,45,25,17
AC Chievo Verona,Chievo,2009/2010,Italy,38,19,19,0,12,6,6,8,5,3,18,8,10,1.16,1.21,1.11,15,17,8,15,37,42,-5,79,41,38,20,17
FC Internazionale Milano,Inter Milan,2009/2010,Italy,38,19,19,0,24,15,9,10,4,6,4,0,4,2.16,2.58,1.74,1,1,2,1,75,34,41,109,57,52,42,33
ACF Fiorentina,Fiorentina,2009/2010,Italy,38,19,19,0,13,9,4,8,3,5,17,7,10,1.24,1.58,0.89,11,13,11,11,48,47,1,95,48,47,28,20
Parma Calcio 1913,Parma,2009/2010,Italy,38,19,19,0,14,10,4,10,4,6,14,5,9,1.37,1.79,0.95,8,10,10,8,46,51,-5,97,41,56,24,22
Calcio Catania,Catania,2009/2010,Italy,38,19,19,0,10,8,2,15,7,8,13,4,9,1.18,1.63,0.74,13,12,14,13,44,45,-1,89,40,49,25,19
AS Livorno Calcio,Livorno,2009/2010,Italy,38,19,19,0,7,5,2,8,5,3,23,9,14,0.76,1.05,0.47,20,19,18,20,27,61,-34,88,44,44,19,8
FC Bari 1908,Bari 1908,2009/2010,Italy,38,19,19,0,13,11,2,11,4,7,14,4,10,1.32,1.95,0.68,10,7,16,10,49,49,0,98,45,53,30,19
Robur Siena Srl,Robur Siena,2009/2010,Italy,38,19,19,0,7,4,3,10,7,3,21,8,13,0.82,1.0,0.63,19,20,17,19,40,67,-27,107,42,65,17,23
SSC Napoli,Napoli,2010/2011,Italy,38,19,19,0,21,12,9,7,4,3,10,3,7,1.84,2.11,1.58,3,4,2,3,59,39,20,98,48,50,33,26
Juventus FC,Juventus,2010/2011,Italy,38,19,19,0,15,8,7,13,6,7,10,5,5,1.53,1.58,1.47,7,11,4,7,57,47,10,104,66,38,35,22
AS Roma,Roma,2010/2011,Italy,38,19,19,0,18,11,7,9,5,4,11,3,8,1.66,2.0,1.32,6,5,6,6,59,52,7,111,49,62,31,28
Cagliari Calcio,Cagliari,2010/2011,Italy,38,19,19,0,12,8,4,9,3,6,17,8,9,1.18,1.42,0.95,14,14,12,14,44,51,-7,95,50,45,27,17
Genoa CFC,Genoa,2010/2011,Italy,38,19,19,0,14,10,4,9,3,6,15,6,9,1.34,1.74,0.95,10,10,11,10,45,47,-2,92,53,39,29,16
AC Milan,AC Milan,2010/2011,Italy,38,19,19,0,24,13,11,10,4,6,4,2,2,2.16,2.26,2.05,1,2,1,1,65,24,41,89,54,35,42,23
US Città di Palermo,Palermo,2010/2011,Italy,38,19,19,0,17,11,6,5,3,2,16,5,11,1.47,1.89,1.05,8,8,9,8,58,63,-5,121,61,60,33,25
SS Lazio,Lazio,2010/2011,Italy,38,19,19,0,20,13,7,6,3,3,12,3,9,1.74,2.21,1.26,5,3,7,5,55,39,16,94,46,48,31,24
UC Sampdoria,Sampdoria,2010/2011,Italy,38,19,19,0,8,5,3,12,6,6,18,8,10,0.95,1.11,0.79,18,19,16,18,33,49,-16,82,42,40,21,12
Udinese Calcio,Udinese,2010/2011,Italy,38,19,19,0,20,11,9,6,4,2,12,4,8,1.74,1.95,1.53,4,6,3,4,65,43,22,108,43,65,27,38
Bologna FC 1909,Bologna,2010/2011,Italy,38,19,19,0,11,7,4,12,7,5,15,5,10,1.18,1.47,0.89,15,13,15,15,35,52,-17,87,37,50,17,18
AC Chievo Verona,Chievo,2010/2011,Italy,38,19,19,0,11,6,5,13,8,5,14,5,9,1.21,1.37,1.05,11,15,8,11,38,40,-2,78,28,50,15,23
FC Internazionale Milano,Inter Milan,2010/2011,Italy,38,19,19,0,23,15,8,7,3,4,8,1,7,2.0,2.53,1.47,2,1,5,2,69,42,27,111,68,43,48,21
ACF Fiorentina,Fiorentina,2010/2011,Italy,38,19,19,0,12,9,3,15,6,9,11,4,7,1.34,1.74,0.95,9,9,10,9,49,44,5,93,46,47,28,21
AC Cesena,Cesena,2010/2011,Italy,38,19,19,0,11,7,4,10,5,5,17,7,10,1.13,1.37,0.89,16,17,14,16,38,50,-12,88,38,50,17,21
Parma Calcio 1913,Parma,2010/2011,Italy,38,19,19,0,11,7,4,13,7,6,14,5,9,1.21,1.47,0.95,12,12,13,12,39,47,-8,86,37,49,21,18
Calcio Catania,Catania,2010/2011,Italy,38,19,19,0,12,11,1,10,4,6,16,4,12,1.21,1.95,0.47,13,7,20,13,40,52,-12,92,46,46,27,13
FC Bari 1908,Bari 1908,2010/2011,Italy,38,19,19,0,5,2,3,9,6,3,24,11,13,0.63,0.63,0.63,20,20,18,20,27,56,-29,83,40,43,12,15
Brescia Calcio,Brescia,2010/2011,Italy,38,19,19,0,7,6,1,11,5,6,20,8,12,0.84,1.21,0.47,19,18,19,19,34,52,-18,86,46,40,22,12
US Lecce,Lecce,2010/2011,Italy,38,19,19,0,11,7,4,8,5,3,19,7,12,1.08,1.37,0.79,17,16,17,17,46,66,-20,112,57,55,28,18
SSC Napoli,Napoli,2011/2012,Italy,38,19,19,0,16,10,6,13,6,7,9,3,6,1.61,1.89,1.32,5,4,4,5,66,46,20,112,61,51,39,27
Juventus FC,Juventus,2011/2012,Italy,38,19,19,0,23,13,10,15,6,9,0,0,0,2.21,2.37,2.05,1,1,2,1,68,20,48,88,52,36,40,28
AS Roma,Roma,2011/2012,Italy,38,19,19,0,16,10,6,8,5,3,14,4,10,1.47,1.84,1.11,7,7,7,7,60,54,6,114,61,53,39,21
Cagliari Calcio,Cagliari,2011/2012,Italy,38,19,19,0,10,7,3,13,8,5,15,4,11,1.13,1.53,0.74,15,14,16,15,37,46,-9,83,39,44,23,14
Genoa CFC,Genoa,2011/2012,Italy,38,19,19,0,11,9,2,9,6,3,18,4,14,1.11,1.74,0.47,17,9,18,17,50,69,-19,119,53,66,29,21
AC Milan,AC Milan,2011/2012,Italy,38,19,19,0,24,12,12,8,5,3,6,2,4,2.11,2.16,2.05,2,3,1,2,74,33,41,107,47,60,36,38
US Città di Palermo,Palermo,2011/2012,Italy,38,19,19,0,11,10,1,10,3,7,17,6,11,1.13,1.74,0.53,16,10,17,16,52,62,-10,114,68,46,38,14
SS Lazio,Lazio,2011/2012,Italy,38,19,19,0,18,10,8,8,6,2,12,3,9,1.63,1.89,1.37,4,5,3,4,56,47,9,103,44,59,28,28
Atalanta Bergamasca Calcio,Atalanta,2011/2012,Italy,38,19,19,0,13,9,4,13,6,7,12,4,8,1.37,1.74,1.0,12,11,11,9,41,43,-2,84,38,46,23,18
Udinese Calcio,Udinese,2011/2012,Italy,38,19,19,0,18,13,5,10,4,6,10,2,8,1.68,2.26,1.11,3,2,8,3,52,35,17,87,46,41,33,19
Bologna FC 1909,Bologna,2011/2012,Italy,38,19,19,0,13,8,5,12,4,8,13,7,6,1.34,1.47,1.21,9,16,6,10,41,43,-2,84,47,37,23,18
AC Chievo Verona,Chievo,2011/2012,Italy,38,19,19,0,12,8,4,13,6,7,13,5,8,1.29,1.58,1.0,10,13,12,11,35,45,-10,80,31,49,16,19
FC Internazionale Milano,Inter Milan,2011/2012,Italy,38,19,19,0,17,10,7,7,4,3,14,5,9,1.53,1.79,1.26,6,8,5,6,58,55,3,113,63,50,36,22
ACF Fiorentina,Fiorentina,2011/2012,Italy,38,19,19,0,11,7,4,13,7,6,14,5,9,1.21,1.47,0.95,13,17,13,13,37,43,-6,80,46,34,24,13
AC Cesena,Cesena,2011/2012,Italy,38,19,19,0,4,2,2,10,7,3,24,10,14,0.58,0.68,0.47,20,20,19,20,24,60,-36,84,39,45,15,9
Parma Calcio 1913,Parma,2011/2012,Italy,38,19,19,0,15,10,5,11,5,6,12,4,8,1.47,1.84,1.11,8,6,9,8,54,53,1,107,54,53,34,20
Calcio Catania,Catania,2011/2012,Italy,38,19,19,0,11,9,2,15,5,10,12,5,7,1.26,1.68,0.84,11,12,14,12,47,52,-5,99,39,60,24,23
Novara Calcio,Novara,2011/2012,Italy,38,19,19,0,7,5,2,11,8,3,20,6,14,0.84,1.21,0.47,19,18,20,19,35,65,-30,100,47,53,20,15
Robur Siena Srl,Robur Siena,2011/2012,Italy,38,19,19,0,11,8,3,11,4,7,16,7,9,1.16,1.47,0.84,14,15,15,14,45,45,0,90,46,44,27,18
US Lecce,Lecce,2011/2012,Italy,38,19,19,0,8,3,5,12,6,6,18,10,8,0.95,0.79,1.11,18,19,10,18,40,56,-16,96,51,45,22,18
SSC Napoli,Napoli,2012/2013,Italy,38,19,19,0,23,14,9,9,4,5,6,1,5,2.05,2.42,1.68,2,1,2,2,73,36,37,109,62,47,44,29
Juventus FC,Juventus,2012/2013,Italy,38,19,19,0,27,14,13,6,3,3,5,2,3,2.29,2.37,2.21,1,2,1,1,71,24,47,95,46,49,36,35
AS Roma,Roma,2012/2013,Italy,38,19,19,0,18,10,8,8,5,3,12,4,8,1.63,1.84,1.42,6,8,4,6,71,56,15,127,64,63,40,31
Cagliari Calcio,Cagliari,2012/2013,Italy,38,19,19,0,12,8,4,11,4,7,15,7,8,1.24,1.47,1.0,11,10,9,11,43,55,-12,98,48,50,24,19
Torino FC,Torino,2012/2013,Italy,38,19,19,0,8,6,2,16,6,10,14,7,7,1.05,1.26,0.84,16,16,15,16,46,55,-9,101,49,52,23,23
Delfino Pescara 1936,Pescara,2012/2013,Italy,38,19,19,0,6,4,2,4,1,3,28,14,14,0.58,0.68,0.47,20,20,20,20,27,84,-57,111,57,54,15,12
Genoa CFC,Genoa,2012/2013,Italy,38,19,19,0,8,5,3,14,7,7,16,7,9,1.0,1.16,0.84,17,19,14,17,38,52,-14,90,56,34,26,12
AC Milan,AC Milan,2012/2013,Italy,38,19,19,0,21,13,8,9,2,7,8,4,4,1.89,2.16,1.63,3,4,3,3,67,39,28,106,48,58,33,34
US Città di Palermo,Palermo,2012/2013,Italy,38,19,19,0,6,5,1,14,7,7,18,7,11,0.84,1.16,0.53,18,18,19,19,34,54,-20,88,50,38,24,10
SS Lazio,Lazio,2012/2013,Italy,38,19,19,0,18,13,5,7,2,5,13,4,9,1.61,2.16,1.05,7,5,8,7,51,42,9,93,51,42,35,16
Atalanta Bergamasca Calcio,Atalanta,2012/2013,Italy,38,19,19,0,11,6,5,9,6,3,18,7,11,1.11,1.26,0.95,15,15,12,15,39,56,-17,95,43,52,19,20
UC Sampdoria,Sampdoria,2012/2013,Italy,38,19,19,0,11,8,3,10,3,7,17,8,9,1.13,1.42,0.84,14,12,13,14,43,51,-8,94,47,47,25,18
Udinese Calcio,Udinese,2012/2013,Italy,38,19,19,0,18,11,7,12,7,5,8,1,7,1.74,2.11,1.37,5,7,6,5,59,45,14,104,47,57,31,28
Bologna FC 1909,Bologna,2012/2013,Italy,38,19,19,0,11,6,5,11,8,3,16,5,11,1.16,1.37,0.95,13,14,11,13,46,52,-6,98,54,44,30,16
AC Chievo Verona,Chievo,2012/2013,Italy,38,19,19,0,12,6,6,9,8,1,17,5,12,1.18,1.37,1.0,12,13,10,12,37,52,-15,89,34,55,18,19
FC Internazionale Milano,Inter Milan,2012/2013,Italy,38,19,19,0,16,8,8,6,4,2,16,7,9,1.42,1.47,1.37,9,11,7,9,55,57,-2,112,61,51,30,25
ACF Fiorentina,Fiorentina,2012/2013,Italy,38,19,19,0,21,13,8,7,4,3,10,2,8,1.84,2.26,1.42,4,3,5,4,72,44,28,116,59,57,40,32
Parma Calcio 1913,Parma,2012/2013,Italy,38,19,19,0,13,9,4,10,6,4,15,4,11,1.29,1.74,0.84,10,9,16,10,45,46,-1,91,46,45,28,17
Calcio Catania,Catania,2012/2013,Italy,38,19,19,0,15,12,3,11,4,7,12,3,9,1.47,2.11,0.84,8,6,17,8,50,46,4,96,46,50,31,19
Robur Siena Srl,Robur Siena,2012/2013,Italy,38,19,19,0,9,6,3,9,5,4,20,8,12,0.95,1.21,0.68,19,17,18,18,36,57,-21,93,35,58,16,20
SSC Napoli,Napoli,2013/2014,Italy,38,19,19,0,23,13,10,9,4,5,6,2,4,2.05,2.26,1.84,3,3,3,3,77,39,38,116,58,58,43,34
Juventus FC,Juventus,2013/2014,Italy,38,19,19,0,33,19,14,3,0,3,2,0,2,2.68,3.0,2.37,1,1,1,1,80,23,57,103,56,47,47,33
AS Roma,Roma,2013/2014,Italy,38,19,19,0,26,15,11,7,3,4,5,1,4,2.24,2.53,1.95,2,2,2,2,72,25,47,97,53,44,44,28
Cagliari Calcio,Cagliari,2013/2014,Italy,38,19,19,0,9,8,1,12,4,8,17,7,10,1.03,1.47,0.58,15,14,18,15,34,53,-19,87,51,36,24,10
Torino FC,Torino,2013/2014,Italy,38,19,19,0,15,9,6,12,6,6,11,4,7,1.5,1.74,1.26,7,9,7,7,58,48,10,106,51,55,31,27
Genoa CFC,Genoa,2013/2014,Italy,38,19,19,0,11,8,3,11,5,6,16,6,10,1.16,1.53,0.79,13,13,14,13,41,50,-9,91,41,50,22,19
AC Milan,AC Milan,2013/2014,Italy,38,19,19,0,16,11,5,9,4,5,13,4,9,1.5,1.95,1.05,8,4,9,8,57,49,8,106,45,61,28,29
SS Lazio,Lazio,2013/2014,Italy,38,19,19,0,15,10,5,11,6,5,12,3,9,1.47,1.89,1.05,9,5,10,9,54,54,0,108,53,55,32,22
Atalanta Bergamasca Calcio,Atalanta,2013/2014,Italy,38,19,19,0,15,11,4,5,3,2,18,5,13,1.32,1.89,0.74,11,6,15,11,43,51,-8,94,50,44,28,15
UC Sampdoria,Sampdoria,2013/2014,Italy,38,19,19,0,12,7,5,9,5,4,17,7,10,1.18,1.37,1.0,12,16,11,12,48,62,-14,110,57,53,28,20
Udinese Calcio,Udinese,2013/2014,Italy,38,19,19,0,12,9,3,8,4,4,18,6,12,1.16,1.63,0.68,14,12,16,14,46,57,-11,103,51,52,27,19
Bologna FC 1909,Bologna,2013/2014,Italy,38,19,19,0,5,3,2,14,8,6,19,8,11,0.76,0.89,0.63,19,19,17,19,28,58,-30,86,42,44,15,13
AC Chievo Verona,Chievo,2013/2014,Italy,38,19,19,0,10,6,4,6,2,4,22,11,11,0.95,1.05,0.84,16,17,13,16,34,54,-20,88,41,47,19,15
US Sassuolo Calcio,Sassuolo,2013/2014,Italy,38,19,19,0,9,5,4,7,2,5,22,12,10,0.89,0.89,0.89,17,18,12,17,43,72,-29,115,62,53,23,20
FC Internazionale Milano,Inter Milan,2013/2014,Italy,38,19,19,0,15,8,7,15,9,6,8,2,6,1.58,1.74,1.42,5,8,5,5,62,39,23,101,45,56,27,35
ACF Fiorentina,Fiorentina,2013/2014,Italy,38,19,19,0,19,9,10,8,4,4,11,6,5,1.71,1.63,1.79,4,11,4,4,65,44,21,109,65,44,36,29
Hellas Verona FC,Hellas Verona,2013/2014,Italy,38,19,19,0,16,10,6,6,3,3,16,6,10,1.42,1.74,1.11,10,10,8,10,62,68,-6,130,63,67,35,27
Parma Calcio 1913,Parma,2013/2014,Italy,38,19,19,0,15,9,6,13,7,6,10,3,7,1.53,1.79,1.26,6,7,6,6,58,46,12,104,45,59,27,31
Calcio Catania,Catania,2013/2014,Italy,38,19,19,0,8,7,1,8,6,2,22,6,16,0.84,1.42,0.26,18,15,20,18,34,66,-32,100,50,50,25,9
AS Livorno Calcio,Livorno,2013/2014,Italy,38,19,19,0,6,4,2,7,5,2,25,10,15,0.66,0.89,0.42,20,20,19,20,39,77,-38,116,56,60,23,16
SSC Napoli,Napoli,2014/2015,Italy,38,19,19,0,18,11,7,9,5,4,11,3,8,1.66,2.0,1.32,5,2,7,5,70,54,16,124,74,50,46,24
Juventus FC,Juventus,2014/2015,Italy,38,19,19,0,26,16,10,9,3,6,3,0,3,2.29,2.68,1.89,1,1,1,1,72,24,48,96,56,40,45,27
AS Roma,Roma,2014/2015,Italy,38,19,19,0,19,10,9,13,7,6,6,2,4,1.84,1.95,1.74,2,3,2,2,54,31,23,85,45,40,31,23
Cagliari Calcio,Cagliari,2014/2015,Italy,38,19,19,0,8,4,4,10,4,6,20,11,9,0.89,0.84,0.95,18,19,17,18,48,68,-20,116,60,56,24,24
Torino FC,Torino,2014/2015,Italy,38,19,19,0,14,8,6,12,7,5,12,4,8,1.42,1.63,1.21,9,8,9,9,48,45,3,93,39,54,25,23
Empoli FC,Empoli,2014/2015,Italy,38,19,19,0,8,6,2,18,8,10,12,5,7,1.11,1.37,0.84,15,14,18,15,46,52,-6,98,48,50,26,20
Genoa CFC,Genoa,2014/2015,Italy,38,19,19,0,16,9,7,11,6,5,11,4,7,1.55,1.74,1.37,6,6,6,6,62,47,15,109,54,55,33,29
AC Milan,AC Milan,2014/2015,Italy,38,19,19,0,13,9,4,13,5,8,12,5,7,1.37,1.68,1.05,10,7,13,10,56,50,6,106,49,57,30,26
US Città di Palermo,Palermo,2014/2015,Italy,38,19,19,0,12,8,4,13,6,7,13,5,8,1.29,1.58,1.0,11,10,14,11,53,55,-2,108,55,53,30,23
SS Lazio,Lazio,2014/2015,Italy,38,19,19,0,21,12,9,6,1,5,11,6,5,1.82,1.95,1.68,3,4,3,3,71,38,33,109,58,51,40,31
Atalanta Bergamasca Calcio,Atalanta,2014/2015,Italy,38,19,19,0,7,4,3,16,7,9,15,8,7,0.97,1.0,0.95,17,17,15,17,38,57,-19,95,55,40,22,16
UC Sampdoria,Sampdoria,2014/2015,Italy,38,19,19,0,13,7,6,17,10,7,8,2,6,1.47,1.63,1.32,7,9,8,7,48,42,6,90,38,52,23,25
Udinese Calcio,Udinese,2014/2015,Italy,38,19,19,0,10,6,4,11,5,6,17,8,9,1.08,1.21,0.95,16,15,16,16,43,56,-13,99,55,44,26,17
AC Chievo Verona,Chievo,2014/2015,Italy,38,19,19,0,10,4,6,13,9,4,15,6,9,1.13,1.11,1.16,14,16,10,14,28,41,-13,69,35,34,16,12
US Sassuolo Calcio,Sassuolo,2014/2015,Italy,38,19,19,0,12,7,5,13,8,5,13,4,9,1.29,1.53,1.05,12,11,11,12,49,57,-8,106,47,59,25,24
FC Internazionale Milano,Inter Milan,2014/2015,Italy,38,19,19,0,14,7,7,13,7,6,11,5,6,1.45,1.47,1.42,8,12,5,8,59,48,11,107,56,51,33,26
ACF Fiorentina,Fiorentina,2014/2015,Italy,38,19,19,0,18,9,9,10,6,4,10,4,6,1.68,1.74,1.63,4,5,4,4,61,46,15,107,47,60,30,31
Hellas Verona FC,Hellas Verona,2014/2015,Italy,38,19,19,0,11,7,4,13,5,8,14,7,7,1.21,1.37,1.05,13,13,12,13,49,65,-16,114,57,57,27,22
AC Cesena,Cesena,2014/2015,Italy,38,19,19,0,4,3,1,12,7,5,22,9,13,0.63,0.84,0.42,20,20,19,20,36,73,-37,109,50,59,19,17
Parma Calcio 1913,Parma,2014/2015,Italy,38,19,19,0,6,5,1,8,4,4,24,10,14,0.68,1.0,0.37,19,18,20,19,33,75,-42,108,46,62,19,14
SSC Napoli,Napoli,2015/2016,Italy,38,19,19,0,25,16,9,7,3,4,6,0,6,2.16,2.68,1.63,2,1,3,2,80,32,48,112,61,51,49,31
Juventus FC,Juventus,2015/2016,Italy,38,19,19,0,29,16,13,4,2,2,5,1,4,2.39,2.63,2.16,1,2,1,1,75,20,55,95,43,52,37,38
AS Roma,Roma,2015/2016,Italy,38,19,19,0,23,13,10,11,5,6,4,1,3,2.11,2.32,1.89,3,3,2,3,83,41,42,124,61,63,44,39
Torino FC,Torino,2015/2016,Italy,38,19,19,0,12,6,6,9,6,3,17,7,10,1.18,1.26,1.11,12,14,10,12,52,55,-3,107,50,57,25,27
Empoli FC,Empoli,2015/2016,Italy,38,19,19,0,12,7,5,10,6,4,16,6,10,1.21,1.42,1.0,11,13,12,11,40,49,-9,89,42,47,22,18
Genoa CFC,Genoa,2015/2016,Italy,38,19,19,0,13,10,3,7,3,4,18,6,12,1.21,1.74,0.68,10,6,17,10,45,48,-3,93,48,45,29,16
AC Milan,AC Milan,2015/2016,Italy,38,19,19,0,15,9,6,12,6,6,11,4,7,1.5,1.74,1.26,7,7,7,7,49,43,6,92,50,42,28,21
US Città di Palermo,Palermo,2015/2016,Italy,38,19,19,0,10,6,4,9,4,5,19,9,10,1.03,1.16,0.89,17,17,13,17,38,65,-27,103,54,49,24,14
SS Lazio,Lazio,2015/2016,Italy,38,19,19,0,15,10,5,9,3,6,14,6,8,1.42,1.74,1.11,8,8,11,8,52,52,0,104,55,49,32,20
Atalanta Bergamasca Calcio,Atalanta,2015/2016,Italy,38,19,19,0,11,8,3,12,6,6,15,5,10,1.18,1.58,0.79,13,10,16,13,41,47,-6,88,48,40,27,14
UC Sampdoria,Sampdoria,2015/2016,Italy,38,19,19,0,10,8,2,10,4,6,18,7,11,1.05,1.47,0.63,15,12,18,15,48,61,-13,109,54,55,29,19
Udinese Calcio,Udinese,2015/2016,Italy,38,19,19,0,10,6,4,9,4,5,19,9,10,1.03,1.16,0.89,16,16,14,16,35,60,-25,95,46,49,18,17
Bologna FC 1909,Bologna,2015/2016,Italy,38,19,19,0,11,5,6,9,5,4,18,9,9,1.11,1.05,1.16,14,19,8,14,33,45,-12,78,41,37,20,13
AC Chievo Verona,Chievo,2015/2016,Italy,38,19,19,0,13,7,6,11,8,3,14,4,10,1.32,1.53,1.11,9,11,9,9,43,45,-2,88,43,45,25,18
US Sassuolo Calcio,Sassuolo,2015/2016,Italy,38,19,19,0,16,8,8,13,8,5,9,3,6,1.61,1.68,1.53,6,9,4,6,49,40,9,89,45,44,25,24
FC Internazionale Milano,Inter Milan,2015/2016,Italy,38,19,19,0,20,13,7,7,2,5,11,4,7,1.76,2.16,1.37,4,4,5,4,50,38,12,88,44,44,29,21
ACF Fiorentina,Fiorentina,2015/2016,Italy,38,19,19,0,18,11,7,10,5,5,10,3,7,1.68,2.0,1.37,5,5,6,5,60,42,18,102,50,52,34,26
Carpi FC 1909,Carpi,2015/2016,Italy,38,19,19,0,9,6,3,11,5,6,18,8,10,1.0,1.21,0.79,18,15,15,18,37,57,-20,94,49,45,23,14
Hellas Verona FC,Hellas Verona,2015/2016,Italy,38,19,19,0,5,4,1,13,6,7,20,9,11,0.74,0.95,0.53,0,20,19,20,34,63,-29,97,51,46,21,13
Frosinone Calcio,Frosinone,2015/2016,Italy,38,19,19,0,8,6,2,7,4,3,23,9,14,0.82,1.16,0.47,19,18,20,19,35,76,-41,111,44,67,18,17
SSC Napoli,Napoli,2016/2017,Italy,38,19,19,0,26,13,13,8,4,4,4,2,2,2.26,2.26,2.26,3,3,1,3,94,39,55,133,63,70,44,50
Juventus FC,Juventus,2016/2017,Italy,38,19,19,0,29,18,11,4,1,3,5,0,5,2.39,2.89,1.89,1,1,3,1,77,27,50,104,57,47,48,29
AS Roma,Roma,2016/2017,Italy,38,19,19,0,28,16,12,3,1,2,7,2,5,2.29,2.58,2.0,2,2,2,2,90,38,52,128,68,60,50,40
Cagliari Calcio,Cagliari,2016/2017,Italy,38,19,19,0,14,11,3,5,3,2,19,5,14,1.24,1.89,0.58,12,8,18,12,55,76,-21,131,72,59,38,17
Torino FC,Torino,2016/2017,Italy,38,19,19,0,13,9,4,14,8,6,11,2,9,1.39,1.84,0.95,9,10,12,9,71,66,5,137,74,63,43,28
FC Crotone,Crotone,2016/2017,Italy,38,19,19,0,9,6,3,7,4,3,22,9,13,0.89,1.16,0.63,17,17,16,17,34,58,-24,92,46,46,21,13
Delfino Pescara 1936,Pescara,2016/2017,Italy,38,19,19,0,2,2,0,9,5,4,27,12,15,0.39,0.58,0.21,20,20,20,20,35,83,-48,118,57,61,19,16
Empoli FC,Empoli,2016/2017,Italy,38,19,19,0,8,5,3,8,4,4,22,10,12,0.84,1.0,0.68,18,18,15,18,29,61,-32,90,45,45,16,13
Genoa CFC,Genoa,2016/2017,Italy,38,19,19,0,9,6,3,9,7,2,20,6,14,0.95,1.32,0.58,16,15,17,16,38,64,-26,102,48,54,24,14
AC Milan,AC Milan,2016/2017,Italy,38,19,19,0,18,12,6,9,2,7,11,5,6,1.66,2.0,1.32,6,5,7,6,57,45,12,102,52,50,32,25
US Città di Palermo,Palermo,2016/2017,Italy,38,19,19,0,6,4,2,8,3,5,24,12,12,0.68,0.79,0.58,19,19,19,19,33,77,-44,110,43,67,13,20
SS Lazio,Lazio,2016/2017,Italy,38,19,19,0,21,12,9,7,2,5,10,5,5,1.84,2.0,1.68,5,6,5,5,74,51,23,125,63,62,40,34
Atalanta Bergamasca Calcio,Atalanta,2016/2017,Italy,38,19,19,0,21,12,9,9,4,5,8,3,5,1.89,2.11,1.68,4,4,4,4,62,41,21,103,49,54,31,31
UC Sampdoria,Sampdoria,2016/2017,Italy,38,19,19,0,12,8,4,12,6,6,14,5,9,1.26,1.58,0.95,11,11,11,11,49,55,-6,104,51,53,28,21
Udinese Calcio,Udinese,2016/2017,Italy,38,19,19,0,12,8,4,9,5,4,17,6,11,1.18,1.53,0.84,13,12,13,13,47,56,-9,103,53,50,30,17
Bologna FC 1909,Bologna,2016/2017,Italy,38,19,19,0,11,8,3,8,2,6,19,9,10,1.08,1.37,0.79,15,14,14,15,40,58,-18,98,49,49,24,16
AC Chievo Verona,Chievo,2016/2017,Italy,38,19,19,0,12,6,6,7,5,2,19,8,11,1.13,1.21,1.05,14,16,10,14,43,61,-18,104,55,49,25,18
US Sassuolo Calcio,Sassuolo,2016/2017,Italy,38,19,19,0,14,8,6,7,3,4,17,8,9,1.29,1.42,1.16,10,13,8,10,60,61,-1,121,55,66,29,31
FC Internazionale Milano,Inter Milan,2016/2017,Italy,38,19,19,0,19,11,8,5,3,2,14,5,9,1.63,1.89,1.37,7,9,6,7,72,49,23,121,66,55,44,28
ACF Fiorentina,Fiorentina,2016/2017,Italy,38,19,19,0,16,10,6,12,8,4,10,1,9,1.58,2.0,1.16,8,7,9,8,63,57,6,120,57,63,34,29
SSC Napoli,Napoli,2017/2018,Italy,38,19,19,0,28,14,14,7,3,4,3,2,1,2.39,2.37,2.42,2,2,2,2,77,29,48,106,61,45,43,34
Juventus FC,Juventus,2017/2018,Italy,38,19,19,0,30,16,14,5,1,4,3,2,1,2.5,2.58,2.42,1,1,1,1,86,24,62,110,53,57,45,41
AS Roma,Roma,2017/2018,Italy,38,19,19,0,23,11,12,8,2,6,7,6,1,2.03,1.84,2.21,3,6,3,3,61,28,33,89,50,39,31,30
Cagliari Calcio,Cagliari,2017/2018,Italy,38,19,19,0,11,6,5,6,3,3,21,10,11,1.03,1.11,0.95,16,15,13,16,33,61,-28,94,48,46,18,15
Torino FC,Torino,2017/2018,Italy,38,19,19,0,13,8,5,15,6,9,10,5,5,1.42,1.58,1.26,9,9,10,9,54,46,8,100,47,53,29,25
FC Crotone,Crotone,2017/2018,Italy,38,19,19,0,9,6,3,8,6,2,21,7,14,0.92,1.26,0.58,18,12,18,18,40,66,-26,106,48,58,23,17
Genoa CFC,Genoa,2017/2018,Italy,38,19,19,0,11,6,5,8,3,5,19,10,9,1.08,1.11,1.05,12,16,11,12,33,43,-10,76,50,26,23,10
AC Milan,AC Milan,2017/2018,Italy,38,19,19,0,18,10,8,10,5,5,10,4,6,1.68,1.84,1.53,6,5,6,6,56,42,14,98,41,57,25,31
SS Lazio,Lazio,2017/2018,Italy,38,19,19,0,21,9,12,9,5,4,8,5,3,1.89,1.68,2.11,4,8,4,4,89,49,40,138,66,72,45,44
Atalanta Bergamasca Calcio,Atalanta,2017/2018,Italy,38,19,19,0,16,9,7,12,6,6,10,4,6,1.58,1.74,1.42,7,7,8,7,57,39,18,96,48,48,30,27
UC Sampdoria,Sampdoria,2017/2018,Italy,38,19,19,0,16,12,4,6,3,3,16,4,12,1.42,2.05,0.79,10,3,15,10,56,60,-4,116,56,60,36,20
Udinese Calcio,Udinese,2017/2018,Italy,38,19,19,0,12,6,6,4,2,2,22,11,11,1.05,1.05,1.05,13,17,12,13,48,63,-15,111,54,57,24,24
Bologna FC 1909,Bologna,2017/2018,Italy,38,19,19,0,11,6,5,6,4,2,21,9,12,1.03,1.16,0.89,15,14,14,15,40,52,-12,92,51,41,25,15
AC Chievo Verona,Chievo,2017/2018,Italy,38,19,19,0,10,7,3,10,6,4,18,6,12,1.05,1.42,0.68,14,11,17,14,36,59,-23,95,46,49,22,14
US Sassuolo Calcio,Sassuolo,2017/2018,Italy,38,19,19,0,11,4,7,10,7,3,17,8,9,1.13,1.0,1.26,11,18,9,11,29,59,-30,88,33,55,11,18
FC Internazionale Milano,Inter Milan,2017/2018,Italy,38,19,19,0,20,11,9,12,5,7,6,3,3,1.89,2.0,1.79,5,4,5,5,66,30,36,96,53,43,37,29
ACF Fiorentina,Fiorentina,2017/2018,Italy,38,19,19,0,16,8,8,9,5,4,13,6,7,1.5,1.53,1.47,8,10,7,8,54,46,8,100,49,51,27,27
Hellas Verona FC,Hellas Verona,2017/2018,Italy,38,19,19,0,7,5,2,4,1,3,27,13,14,0.66,0.84,0.47,19,20,19,19,30,78,-48,108,49,59,14,16
Benevento Calcio,Benevento,2017/2018,Italy,38,19,19,0,6,5,1,3,2,1,29,12,17,0.55,0.89,0.21,20,19,20,20,33,84,-51,117,63,54,23,10
Società Polisportiva Ars et Labor 2013,SPAL,2017/2018,Italy,38,19,19,0,8,5,3,14,8,6,16,6,10,1.0,1.21,0.79,17,13,16,17,39,59,-20,98,51,47,22,17
SSC Napoli,Napoli,2018/2019,Italy,38,19,19,0,24,13,11,7,4,3,7,2,5,2.08,2.26,1.89,2,2,2,2,74,36,38,110,57,53,41,33
Juventus FC,Juventus,2018/2019,Italy,38,19,19,0,28,15,13,6,4,2,4,0,4,2.37,2.58,2.16,1,1,1,1,70,30,40,100,52,48,39,31
AS Roma,Roma,2018/2019,Italy,38,19,19,0,18,12,6,12,5,7,8,2,6,1.74,2.16,1.32,6,3,7,6,66,48,18,114,69,45,43,23
Cagliari Calcio,Cagliari,2018/2019,Italy,38,19,19,0,10,8,2,11,6,5,17,5,12,1.08,1.58,0.58,15,12,18,15,36,54,-18,90,43,47,23,13
Torino FC,Torino,2018/2019,Italy,38,19,19,0,16,12,4,15,2,13,7,5,2,1.66,2.0,1.32,7,6,8,7,52,37,15,89,51,38,32,20
Empoli FC,Empoli,2018/2019,Italy,38,19,19,0,10,9,1,8,3,5,20,7,13,1.0,1.58,0.42,18,11,20,18,51,70,-19,121,63,58,33,18
Genoa CFC,Genoa,2018/2019,Italy,38,19,19,0,8,6,2,14,8,6,16,5,11,1.0,1.37,0.63,17,14,17,17,39,57,-18,96,43,53,21,18
AC Milan,AC Milan,2018/2019,Italy,38,19,19,0,19,12,7,11,4,7,8,3,5,1.79,2.11,1.47,5,4,5,5,55,36,19,91,48,43,31,24
SS Lazio,Lazio,2018/2019,Italy,38,19,19,0,17,9,8,8,5,3,13,5,8,1.55,1.68,1.42,8,9,6,8,56,46,10,102,61,41,36,20
Atalanta Bergamasca Calcio,Atalanta,2018/2019,Italy,38,19,19,0,20,10,10,9,5,4,9,4,5,1.82,1.84,1.79,3,7,3,3,77,46,31,123,55,68,36,41
UC Sampdoria,Sampdoria,2018/2019,Italy,38,19,19,0,15,10,5,8,2,6,15,7,8,1.39,1.68,1.11,9,8,9,9,60,51,9,111,44,67,28,32
Udinese Calcio,Udinese,2018/2019,Italy,38,19,19,0,11,8,3,10,5,5,17,6,11,1.13,1.53,0.74,12,13,15,12,39,53,-14,92,44,48,22,17
Bologna FC 1909,Bologna,2018/2019,Italy,38,19,19,0,11,9,2,11,4,7,16,6,10,1.16,1.63,0.68,10,10,16,10,48,56,-8,104,50,54,28,20
AC Chievo Verona,Chievo,2018/2019,Italy,38,19,19,0,2,1,1,14,7,7,22,11,11,0.53,0.53,0.53,20,19,19,20,25,75,-50,100,51,49,14,11
US Sassuolo Calcio,Sassuolo,2018/2019,Italy,38,19,19,0,9,5,4,16,10,6,13,4,9,1.13,1.32,0.95,11,15,12,11,53,60,-7,113,66,47,33,20
FC Internazionale Milano,Inter Milan,2018/2019,Italy,38,19,19,0,20,11,9,9,5,4,9,3,6,1.82,2.0,1.63,4,5,4,4,57,33,24,90,37,53,27,30
ACF Fiorentina,Fiorentina,2018/2019,Italy,38,19,19,0,8,5,3,17,9,8,13,5,8,1.08,1.26,0.89,14,16,13,14,47,45,2,92,44,48,25,22
Frosinone Calcio,Frosinone,2018/2019,Italy,38,19,19,0,5,1,4,10,6,4,23,12,11,0.66,0.47,0.84,19,20,14,19,29,69,-40,98,52,46,14,15
Parma Calcio 1913,Parma,2018/2019,Italy,38,19,19,0,10,5,5,11,7,4,17,7,10,1.08,1.16,1.0,16,17,11,16,41,61,-20,102,43,59,18,23
Società Polisportiva Ars et Labor 2013,SPAL,2018/2019,Italy,38,19,19,0,11,5,6,9,7,2,18,7,11,1.11,1.16,1.05,13,18,10,13,44,56,-12,100,46,54,20,24
SSC Napoli,Napoli,2019/2020,Italy,38,19,19,0,18,10,8,8,3,5,12,6,6,1.63,1.74,1.53,7,6,7,7,61,50,11,111,55,56,31,30
Juventus FC,Juventus,2019/2020,Italy,38,19,19,0,26,16,10,5,2,3,7,1,6,2.18,2.63,1.74,1,1,6,1,76,43,33,119,63,56,46,30
AS Roma,Roma,2019/2020,Italy,38,19,19,0,21,10,11,7,4,3,10,5,5,1.84,1.79,1.89,5,5,3,5,77,51,26,128,63,65,36,41
Cagliari Calcio,Cagliari,2019/2020,Italy,38,19,19,0,11,7,4,12,4,8,15,8,7,1.18,1.32,1.05,13,10,14,13,52,56,-4,108,60,48,32,20
Torino FC,Torino,2019/2020,Italy,38,19,19,0,11,7,4,7,4,3,20,8,12,1.05,1.32,0.79,16,11,18,16,46,68,-22,114,53,61,23,23
Genoa CFC,Genoa,2019/2020,Italy,38,19,19,0,10,7,3,9,1,8,19,11,8,1.03,1.16,0.89,17,17,16,17,47,73,-26,120,55,65,24,23
AC Milan,AC Milan,2019/2020,Italy,38,19,19,0,19,9,10,9,6,3,10,4,6,1.74,1.74,1.74,6,7,4,6,63,46,17,109,51,58,31,32
SS Lazio,Lazio,2019/2020,Italy,38,19,19,0,24,14,10,6,3,3,8,2,6,2.05,2.37,1.74,4,2,5,4,79,42,37,121,63,58,46,33
Atalanta Bergamasca Calcio,Atalanta,2019/2020,Italy,38,19,19,0,23,12,11,9,2,7,6,5,1,2.05,2.0,2.11,3,4,2,3,98,48,50,146,77,69,51,47
UC Sampdoria,Sampdoria,2019/2020,Italy,38,19,19,0,12,6,6,6,4,2,20,9,11,1.11,1.16,1.05,15,16,13,15,48,65,-17,113,55,58,25,23
Udinese Calcio,Udinese,2019/2020,Italy,38,19,19,0,12,6,6,9,6,3,17,7,10,1.18,1.26,1.11,14,12,12,14,37,51,-14,88,41,47,18,19
Bologna FC 1909,Bologna,2019/2020,Italy,38,19,19,0,12,5,7,11,8,3,15,6,9,1.24,1.21,1.26,12,13,10,12,52,65,-13,117,54,63,25,27
US Sassuolo Calcio,Sassuolo,2019/2020,Italy,38,19,19,0,14,8,6,9,3,6,15,8,7,1.34,1.42,1.26,8,9,11,8,69,63,6,132,77,55,44,25
FC Internazionale Milano,Inter Milan,2019/2020,Italy,38,19,19,0,24,11,13,10,6,4,4,2,2,2.16,2.05,2.26,2,3,1,2,81,36,45,117,57,60,40,41
ACF Fiorentina,Fiorentina,2019/2020,Italy,38,19,19,0,12,5,7,13,8,5,13,6,7,1.29,1.21,1.37,9,14,9,9,51,48,3,99,44,55,22,29
Hellas Verona FC,Hellas Verona,2019/2020,Italy,38,19,19,0,12,9,3,13,5,8,13,5,8,1.29,1.68,0.89,11,8,17,11,47,51,-4,98,54,44,29,18
Parma Calcio 1913,Parma,2019/2020,Italy,38,19,19,0,14,7,7,7,2,5,17,10,7,1.29,1.21,1.37,10,15,8,10,56,57,-1,113,50,63,26,30
Brescia Calcio,Brescia,2019/2020,Italy,38,19,19,0,6,3,3,7,5,2,25,11,14,0.66,0.74,0.58,19,19,19,19,35,79,-44,114,55,59,21,14
Società Polisportiva Ars et Labor 2013,SPAL,2019/2020,Italy,38,19,19,0,5,2,3,5,4,1,28,13,15,0.53,0.53,0.53,20,20,20,20,27,77,-50,104,56,48,16,11
US Lecce,Lecce,2019/2020,Italy,38,19,19,0,9,4,5,8,5,3,21,10,11,0.92,0.89,0.95,18,18,15,18,52,85,-33,137,71,66,30,22
SSC Napoli,Napoli,2020/2021,Italy,38,19,19,0,24,12,12,5,4,1,9,3,6,2.03,2.11,1.95,5,5,4,5,86,41,45,127,70,57,50,36
Juventus FC,Juventus,2020/2021,Italy,38,19,19,0,23,14,9,9,2,7,6,3,3,2.05,2.32,1.79,4,2,5,4,77,38,39,115,58,57,40,37
AS Roma,Roma,2020/2021,Italy,38,19,19,0,18,13,5,8,4,4,12,2,10,1.63,2.26,1.0,7,3,14,7,68,58,10,126,60,66,42,26
Cagliari Calcio,Cagliari,2020/2021,Italy,38,19,19,0,9,5,4,10,4,6,19,10,9,0.97,1.0,0.95,16,16,15,16,43,59,-16,102,54,48,22,21
Torino FC,Torino,2020/2021,Italy,38,19,19,0,7,3,4,16,9,7,15,7,8,0.97,0.95,1.0,17,17,13,17,50,69,-19,119,61,58,25,25
FC Crotone,Crotone,2020/2021,Italy,38,19,19,0,6,5,1,5,2,3,27,12,15,0.61,0.89,0.32,19,18,20,19,45,92,-47,137,58,79,23,22
Genoa CFC,Genoa,2020/2021,Italy,38,19,19,0,10,5,5,12,7,5,16,7,9,1.11,1.16,1.05,11,13,11,11,47,58,-11,105,59,46,29,18
AC Milan,AC Milan,2020/2021,Italy,38,19,19,0,24,8,16,7,6,1,7,5,2,2.08,1.58,2.58,2,8,1,2,74,41,33,115,55,60,31,43
SS Lazio,Lazio,2020/2021,Italy,38,19,19,0,21,13,8,5,3,2,12,3,9,1.79,2.21,1.37,6,4,7,6,61,55,6,116,59,57,36,25
Atalanta Bergamasca Calcio,Atalanta,2020/2021,Italy,38,19,19,0,23,12,11,9,3,6,6,4,2,2.05,2.05,2.05,3,6,3,3,90,47,43,137,73,64,49,41
UC Sampdoria,Sampdoria,2020/2021,Italy,38,19,19,0,15,9,6,7,3,4,16,7,9,1.37,1.58,1.16,9,7,8,9,52,54,-2,106,58,48,32,20
Udinese Calcio,Udinese,2020/2021,Italy,38,19,19,0,10,5,5,10,4,6,18,10,8,1.05,1.0,1.11,14,15,10,14,42,58,-16,100,33,67,14,28
Bologna FC 1909,Bologna,2020/2021,Italy,38,19,19,0,10,7,3,11,5,6,17,7,10,1.08,1.37,0.79,12,10,18,12,51,65,-14,116,66,50,33,18
US Sassuolo Calcio,Sassuolo,2020/2021,Italy,38,19,19,0,17,7,10,11,8,3,10,4,6,1.63,1.53,1.74,8,9,6,8,64,56,8,120,58,62,31,33
FC Internazionale Milano,Inter Milan,2020/2021,Italy,38,19,19,0,28,17,11,7,1,6,3,1,2,2.39,2.74,2.05,1,1,2,1,89,35,54,124,71,53,53,36
ACF Fiorentina,Fiorentina,2020/2021,Italy,38,19,19,0,9,6,3,13,6,7,16,7,9,1.05,1.26,0.84,13,11,17,13,47,59,-12,106,50,56,25,22
Hellas Verona FC,Hellas Verona,2020/2021,Italy,38,19,19,0,11,6,5,12,6,6,15,7,8,1.18,1.26,1.11,10,12,9,10,46,48,-2,94,46,48,23,23
Parma Calcio 1913,Parma,2020/2021,Italy,38,19,19,0,3,2,1,11,5,6,24,12,12,0.53,0.58,0.47,20,20,19,20,39,83,-44,122,55,67,16,23
Benevento Calcio,Benevento,2020/2021,Italy,38,19,19,0,7,2,5,12,7,5,19,10,9,0.87,0.68,1.05,18,19,12,18,40,75,-35,115,58,57,19,21
ASD Spezia Calcio 2008,Spezia,2020/2021,Italy,38,19,19,0,9,5,4,12,7,5,17,7,10,1.03,1.16,0.89,15,14,16,15,52,72,-20,124,61,63,28,24
SSC Napoli,Napoli,2021/2022,Italy,38,19,19,0,24,11,13,7,3,4,7,5,2,2.08,1.89,2.26,3,4,2,3,74,31,43,105,53,52,37,37
Juventus FC,Juventus,2021/2022,Italy,38,19,19,0,20,10,10,10,5,5,8,4,4,1.84,1.84,1.84,4,7,5,4,57,37,20,94,39,55,25,32
AS Roma,Roma,2021/2022,Italy,38,19,19,0,18,10,8,9,6,3,11,3,8,1.66,1.89,1.42,6,5,7,6,59,43,16,102,42,60,26,33
Cagliari Calcio,Cagliari,2021/2022,Italy,38,19,19,0,6,3,3,12,6,6,20,10,10,0.79,0.79,0.79,17,18,18,18,34,68,-34,102,53,49,20,14
Torino FC,Torino,2021/2022,Italy,38,19,19,0,13,8,5,11,5,6,14,6,8,1.32,1.53,1.11,10,9,12,10,46,41,5,87,50,37,29,17
Empoli FC,Empoli,2021/2022,Italy,38,19,19,0,10,4,6,11,5,6,17,10,7,1.08,0.89,1.26,14,17,9,14,50,70,-20,120,72,48,28,22
Genoa CFC,Genoa,2021/2022,Italy,38,19,19,0,4,3,1,16,8,8,18,8,10,0.74,0.89,0.58,19,16,20,19,27,60,-33,87,39,48,14,13
AC Milan,AC Milan,2021/2022,Italy,38,19,19,0,26,12,14,8,4,4,4,3,1,2.26,2.11,2.42,1,3,1,1,69,31,38,100,40,60,28,41
SS Lazio,Lazio,2021/2022,Italy,38,19,19,0,18,10,8,10,6,4,10,3,7,1.68,1.89,1.47,5,6,6,5,77,58,19,135,67,68,42,35
Atalanta Bergamasca Calcio,Atalanta,2021/2022,Italy,38,19,19,0,16,4,12,11,8,3,11,7,4,1.55,1.05,2.05,8,14,3,8,65,48,17,113,60,53,31,34
UC Sampdoria,Sampdoria,2021/2022,Italy,38,19,19,0,10,6,4,6,3,3,22,10,12,0.95,1.11,0.79,15,13,17,15,46,63,-17,109,61,48,29,17
Udinese Calcio,Udinese,2021/2022,Italy,38,19,19,0,11,6,5,14,7,7,13,6,7,1.24,1.32,1.16,12,11,11,12,61,58,3,119,60,59,31,30
Bologna FC 1909,Bologna,2021/2022,Italy,38,19,19,0,12,8,4,10,4,6,16,7,9,1.21,1.47,0.95,13,10,15,13,44,55,-11,99,49,50,25,19
US Sassuolo Calcio,Sassuolo,2021/2022,Italy,38,19,19,0,13,6,7,11,6,5,14,7,7,1.32,1.26,1.37,11,12,8,11,64,66,-2,130,57,73,27,37
FC Internazionale Milano,Inter Milan,2021/2022,Italy,38,19,19,0,25,14,11,9,3,6,4,2,2,2.21,2.37,2.05,2,1,4,2,84,32,52,116,64,52,48,36
ACF Fiorentina,Fiorentina,2021/2022,Italy,38,19,19,0,19,13,6,5,2,3,14,4,10,1.63,2.16,1.11,7,2,13,7,59,51,8,110,58,52,38,21
Hellas Verona FC,Hellas Verona,2021/2022,Italy,38,19,19,0,14,9,5,11,3,8,13,7,6,1.39,1.58,1.21,9,8,10,9,65,59,6,124,59,65,34,31
US Salernitana 1919,Salernitana,2021/2022,Italy,38,19,19,0,7,3,4,10,6,4,21,10,11,0.82,0.79,0.84,18,19,16,17,33,78,-45,111,56,55,17,16
ASD Spezia Calcio 2008,Spezia,2021/2022,Italy,38,19,19,0,10,5,5,6,3,3,22,11,11,0.95,0.95,0.95,16,15,14,16,41,71,-30,112,51,61,21,20
Venezia FC,Venezia,2021/2022,Italy,38,19,19,0,6,3,3,9,5,4,23,11,12,0.71,0.74,0.68,20,20,19,20,34,69,-35,103,59,44,21,13
SSC Napoli,Napoli,2022/2023,Italy,38,19,19,0,28,14,14,6,3,3,4,2,2,2.37,2.37,2.37,1,1,1,1,77,28,49,105,55,50,40,37
Juventus FC,Juventus,2022/2023,Italy,38,19,19,0,22,13,9,6,3,3,10,3,7,1.89,2.21,1.58,7,4,6,4,56,33,23,89,53,36,38,18
AS Roma,Roma,2022/2023,Italy,38,19,19,0,18,11,7,9,3,6,11,5,6,1.66,1.89,1.42,6,6,8,7,50,38,12,88,43,45,28,22
Torino FC,Torino,2022/2023,Italy,38,19,19,0,14,5,9,11,7,4,13,7,6,1.39,1.16,1.63,10,15,4,10,42,41,1,83,34,49,15,27
Empoli FC,Empoli,2022/2023,Italy,38,19,19,0,10,8,2,13,4,9,15,7,8,1.13,1.47,0.79,14,11,15,14,37,49,-12,86,45,41,22,15
AC Milan,AC Milan,2022/2023,Italy,38,19,19,0,20,13,7,10,4,6,8,2,6,1.84,2.26,1.42,4,2,7,5,64,43,21,107,61,46,41,23
SS Lazio,Lazio,2022/2023,Italy,38,19,19,0,22,11,11,8,4,4,8,4,4,1.95,1.95,1.95,2,5,2,2,60,30,30,90,50,40,32,28
Atalanta Bergamasca Calcio,Atalanta,2022/2023,Italy,38,19,19,0,19,10,9,7,3,4,12,6,6,1.68,1.74,1.63,5,7,3,6,66,48,18,114,64,50,38,28
UC Sampdoria,Sampdoria,2022/2023,Italy,38,19,19,0,3,1,2,10,7,3,25,11,14,0.5,0.53,0.47,20,20,20,20,24,71,-47,95,40,55,12,12
Udinese Calcio,Udinese,2022/2023,Italy,38,19,19,0,11,6,5,13,9,4,14,4,10,1.21,1.42,1.0,12,12,13,12,47,48,-1,95,50,45,30,17
Bologna FC 1909,Bologna,2022/2023,Italy,38,19,19,0,14,7,7,12,9,3,12,3,9,1.42,1.58,1.26,9,9,10,9,53,49,4,102,38,64,24,29
US Sassuolo Calcio,Sassuolo,2022/2023,Italy,38,19,19,0,12,8,4,9,4,5,17,7,10,1.18,1.47,0.89,13,10,14,13,47,61,-14,108,47,61,24,23
FC Internazionale Milano,Inter Milan,2022/2023,Italy,38,19,19,0,23,14,9,3,0,3,12,5,7,1.89,2.21,1.58,3,3,5,3,71,42,29,113,51,62,37,34
ACF Fiorentina,Fiorentina,2022/2023,Italy,38,19,19,0,15,9,6,11,6,5,12,4,8,1.47,1.74,1.21,8,8,11,8,53,43,10,96,52,44,30,23
Hellas Verona FC,Hellas Verona,2022/2023,Italy,39,19,20,0,8,6,2,10,3,7,21,10,11,0.87,1.11,0.65,17,16,17,17,34,60,-26,94,52,42,20,14
US Salernitana 1919,Salernitana,2022/2023,Italy,38,19,19,0,9,7,2,15,6,9,14,6,8,1.11,1.42,0.79,15,13,16,15,48,62,-14,110,56,54,30,18
ASD Spezia Calcio 2008,Spezia,2022/2023,Italy,39,20,19,0,6,4,2,13,8,5,20,8,12,0.79,1.0,0.58,18,17,19,18,32,65,-33,97,52,45,19,13
US Cremonese,Cremonese,2022/2023,Italy,38,19,19,0,5,4,1,12,4,8,21,11,10,0.71,0.84,0.58,19,19,18,19,36,69,-33,105,46,59,15,21
US Lecce,Lecce,2022/2023,Italy,38,19,19,0,8,3,5,12,8,4,18,8,10,0.95,0.89,1.0,16,18,12,16,33,46,-13,79,42,37,18,15
SS Monza 1912,Monza,2022/2023,Italy,38,19,19,0,14,7,7,10,5,5,14,7,7,1.37,1.37,1.37,11,14,9,11,48,52,-4,100,47,53,25,23
SSC Napoli,Napoli,2023/2024,Italy,38,19,19,0,13,6,7,14,7,7,11,6,5,1.39,1.32,1.47,9,11,4,9,55,48,7,103,51,52,24,31
Juventus FC,Juventus,2023/2024,Italy,38,19,19,0,19,11,8,14,7,7,5,1,4,1.87,2.11,1.63,3,6,3,3,54,31,23,85,37,48,26,28
AS Roma,Roma,2023/2024,Italy,38,19,19,0,18,12,6,9,4,5,11,3,8,1.66,2.11,1.21,6,4,10,6,65,46,19,111,57,54,38,27
Cagliari Calcio,Cagliari,2023/2024,Italy,38,19,19,0,8,6,2,12,7,5,18,6,12,0.95,1.32,0.58,17,12,17,17,42,68,-26,110,60,50,28,14
Torino FC,Torino,2023/2024,Italy,38,19,19,0,13,8,5,14,9,5,11,2,9,1.39,1.74,1.05,10,9,12,10,36,36,0,72,27,45,18,18
Empoli FC,Empoli,2023/2024,Italy,38,19,19,0,9,5,4,9,5,4,20,9,11,0.95,1.05,0.84,16,18,14,16,29,54,-25,83,38,45,15,14
Genoa CFC,Genoa,2023/2024,Italy,38,19,19,0,12,8,4,13,6,7,13,5,8,1.29,1.58,1.0,11,10,13,11,45,45,0,90,49,41,27,18
AC Milan,AC Milan,2023/2024,Italy,38,19,19,0,22,12,10,9,4,5,7,3,4,1.97,2.11,1.84,2,5,2,2,76,49,27,125,55,70,38,38
SS Lazio,Lazio,2023/2024,Italy,38,19,19,0,18,10,8,7,4,3,13,5,8,1.61,1.79,1.42,7,8,6,7,49,39,10,88,37,51,23,26
Atalanta Bergamasca Calcio,Atalanta,2023/2024,Italy,38,19,19,0,21,13,8,6,2,4,11,4,7,1.82,2.16,1.47,4,2,5,4,72,42,30,114,58,56,42,30
Udinese Calcio,Udinese,2023/2024,Italy,38,19,19,0,6,1,5,19,11,8,13,7,6,0.97,0.74,1.21,15,19,9,15,37,53,-16,90,50,40,21,16
Bologna FC 1909,Bologna,2023/2024,Italy,38,19,19,0,18,12,6,14,5,9,6,2,4,1.79,2.16,1.42,5,3,7,5,54,32,22,86,45,41,33,21
US Sassuolo Calcio,Sassuolo,2023/2024,Italy,38,19,19,0,7,5,2,9,5,4,22,9,13,0.79,1.05,0.53,19,17,18,19,43,75,-32,118,57,61,23,20
FC Internazionale Milano,Inter Milan,2023/2024,Italy,38,19,19,0,29,14,15,7,4,3,2,1,1,2.47,2.42,2.53,1,1,1,1,89,22,67,111,55,56,44,45
ACF Fiorentina,Fiorentina,2023/2024,Italy,38,19,19,0,17,10,7,9,5,4,12,4,8,1.58,1.84,1.32,8,7,8,8,61,46,15,107,59,48,37,24
Hellas Verona FC,Hellas Verona,2023/2024,Italy,38,19,19,0,9,6,3,11,6,5,18,7,11,1.0,1.26,0.74,13,16,15,13,38,51,-13,89,49,40,23,15
Frosinone Calcio,Frosinone,2023/2024,Italy,38,19,19,0,8,7,1,11,4,7,19,8,11,0.92,1.32,0.53,18,13,19,18,44,69,-25,113,60,53,28,16
US Salernitana 1919,Salernitana,2023/2024,Italy,38,19,19,0,2,1,1,11,5,6,25,13,12,0.45,0.42,0.47,20,20,20,20,32,81,-49,113,55,58,17,15
US Lecce,Lecce,2023/2024,Italy,38,19,19,0,8,6,2,14,6,8,16,7,9,1.0,1.26,0.74,14,14,16,14,32,54,-22,86,44,42,17,15
SS Monza 1912,Monza,2023/2024,Italy,38,19,19,0,11,6,5,12,6,6,15,7,8,1.18,1.26,1.11,12,15,11,12,39,51,-12,90,49,41,23,16
